4 0.45625 0.58828125 0.025 0.10703125
5 0.4484375 0.6984375 0.0328125 0.059375
3 0.36328125 0.69296875 0.025 0.0421875
2 0.3625 0.60625 0.0265625 0.05546875
0 0.3984375 0.6078125 0.0109375 0.053125
1 0.3859375 0.54609375 0.04296875 0.03671875
5 0.44296875 0.30703125 0.0328125 0.0609375
6 0.40390625 0.325 0.0265625 0.040625
3 0.35390625 0.29296875 0.02421875 0.04375
0 0.3984375 0.2375 0.01328125 0.05
2 0.34921875 0.209375 0.028125 0.05859375
1 0.3859375 0.1765625 0.04375 0.028125
4 0.4515625 0.97578125 0.028125 0.0484375
0 0.38515625 0.9828125 0.0140625 0.034375
2 0.34375 0.98203125 0.03515625 0.0359375
1 0.37421875 0.9328125 0.046875 0.02890625
5 0.44765625 0.009375 0.03828125 0.01796875
6 0.39921875 0.015625 0.0296875 0.03125