5 0.45625 0.803125 0.03125 0.05625
6 0.41953125 0.83046875 0.03046875 0.03984375
3 0.37109375 0.7921875 0.02578125 0.03984375
2 0.3703125 0.72734375 0.03515625 0.05546875
1 0.40234375 0.67265625 0.04375 0.02734375
0 0.4140625 0.72890625 0.009375 0.05546875
5 0.4578125 0.47734375 0.03203125 0.05546875
6 0.41328125 0.49609375 0.02421875 0.0359375
3 0.38125 0.465625 0.0234375 0.0390625
0 0.4171875 0.41015625 0.0125 0.0484375
1 0.40703125 0.37109375 0.0421875 0.02578125
4 0.4765625 0.3875 0.03671875 0.1171875
2 0.46015625 0.07421875 0.02421875 0.05234375
5 0.4578125 0.1515625 0.03046875 0.0546875
6 0.421875 0.1796875 0.02734375 0.0375
0 0.41796875 0.1 0.0125 0.0484375
3 0.3828125 0.14140625 0.02109375 0.04453125
4 0.3765625 0.04921875 0.02734375 0.0984375