2 0.4375 0.84296875 0.0234375 0.0484375
5 0.43671875 0.90625 0.0296875 0.05625
6 0.39921875 0.9453125 0.02578125 0.03828125
3 0.359375 0.89765625 0.02109375 0.0359375
0 0.3953125 0.84375 0.01328125 0.05078125
4 0.3515625 0.82578125 0.02109375 0.096875
5 0.42890625 0.55 0.03203125 0.05703125
6 0.38203125 0.578125 0.021875 0.025
3 0.34765625 0.5484375 0.01953125 0.0359375
4 0.440625 0.459375 0.02734375 0.0953125
0 0.38359375 0.478125 0.0140625 0.05625
1 0.371875 0.42578125 0.040625 0.0234375
2 0.3484375 0.465625 0.028125 0.04609375