4 0.44765625 0.75078125 0.0421875 0.11015625
5 0.43125 0.8484375 0.034375 0.0625
6 0.3828125 0.878125 0.02421875 0.0359375
3 0.34609375 0.83984375 0.0234375 0.04296875
0 0.3859375 0.77265625 0.0140625 0.05390625
1 0.3734375 0.725 0.04765625 0.02734375
6 0.40078125 0.48203125 0.0265625 0.040625
5 0.44296875 0.4453125 0.03203125 0.05546875
3 0.359375 0.4328125 0.021875 0.0390625
4 0.35234375 0.33984375 0.02421875 0.10546875
0 0.396875 0.38203125 0.009375 0.0515625
2 0.44453125 0.3703125 0.0265625 0.0546875
5 0.4359375 0.06328125 0.0359375 0.06484375
6 0.3859375 0.08828125 0.025 0.03671875
3 0.34765625 0.06171875 0.02265625 0.04296875
0 0.3859375 0.00859375 0.0140625 0.0171875