5 0.484375 0.24453125 0.03359375 0.06484375
5 0.49140625 0.62890625 0.0390625 0.0609375
4 0.49375 0.51875 0.0375 0.11953125
4 0.490625 0.92109375 0.03828125 0.125
3 0.40625 0.6234375 0.0265625 0.05
3 0.396875 0.234375 0.03359375 0.0484375
2 0.384375 0.90859375 0.04921875 0.0671875
2 0.40390625 0.53046875 0.034375 0.06015625
2 0.39453125 0.153125 0.034375 0.078125
0 0.4265625 0.921875 0.015625 0.06484375
0 0.43984375 0.53515625 0.01640625 0.06875
0 0.44140625 0.1796875 0.0125 0.06484375
1 0.42265625 0.1203125 0.06015625 0.034375
1 0.4296875 0.4734375 0.04609375 0.0484375
1 0.41796875 0.85078125 0.05 0.04375
6 0.44453125 0.26640625 0.0328125 0.0671875
3 0.38125 0.9890625 0.02890625 0.021875
5 0.46875 0.99140625 0.034375 0.0171875