5 0.43203125 0.8109375 0.03359375 0.0609375
6 0.39296875 0.840625 0.0328125 0.04296875
3 0.340625 0.79921875 0.02734375 0.04296875
2 0.33984375 0.7296875 0.0375 0.059375
1 0.37421875 0.6703125 0.046875 0.02890625
0 0.38671875 0.73046875 0.01015625 0.06015625
5 0.43359375 0.4609375 0.034375 0.059375
6 0.3859375 0.48046875 0.02578125 0.03828125
3 0.3515625 0.4484375 0.02578125 0.0421875
0 0.390625 0.38828125 0.01328125 0.0515625
1 0.3796875 0.34609375 0.04453125 0.02734375
4 0.45390625 0.3640625 0.0390625 0.12578125
2 0.43515625 0.02734375 0.0265625 0.0546875
5 0.43359375 0.1109375 0.0328125 0.059375
6 0.39453125 0.140625 0.02890625 0.040625
0 0.390625 0.05546875 0.0140625 0.05234375
3 0.353125 0.1 0.02265625 0.04765625
4 0.34609375 0.0265625 0.0296875 0.053125