5 0.4640625 0.6984375 0.03671875 0.06328125
5 0.4609375 0.2984375 0.03671875 0.0671875
1 0.403125 0.1703125 0.046875 0.03046875
1 0.40234375 0.53984375 0.0453125 0.0421875
0 0.41484375 0.60390625 0.0140625 0.0546875
0 0.4125 0.2296875 0.01171875 0.05859375
0 0.39765625 0.98671875 0.0171875 0.02578125
1 0.3875 0.9359375 0.04375 0.0453125
2 0.35546875 0.9796875 0.0453125 0.040625
2 0.37578125 0.6015625 0.03203125 0.06171875
2 0.3640625 0.20859375 0.03671875 0.0890625
4 0.459375 0.971875 0.0453125 0.05625
3 0.37578125 0.69375 0.03046875 0.0578125
4 0.46953125 0.584375 0.0328125 0.12265625
6 0.41953125 0.31953125 0.028125 0.0515625
3 0.3671875 0.2859375 0.03046875 0.0578125