5 0.45703125 0.6921875 0.02890625 0.0578125
2 0.37109375 0.6140625 0.03671875 0.0515625
1 0.40234375 0.56171875 0.0421875 0.02734375
0 0.41484375 0.62109375 0.0109375 0.0578125
3 0.37265625 0.67890625 0.0234375 0.03828125
6 0.4203125 0.7171875 0.028125 0.03984375
5 0.459375 0.37109375 0.03125 0.05703125
6 0.415625 0.38671875 0.02265625 0.0390625
0 0.41953125 0.30625 0.01171875 0.05
1 0.40859375 0.2625 0.0390625 0.028125
3 0.384375 0.3578125 0.01953125 0.0359375
4 0.48125 0.265625 0.03359375 0.10078125
5 0.46015625 0.0484375 0.03203125 0.0578125
3 0.384375 0.0390625 0.02421875 0.0484375
6 0.421875 0.0765625 0.02890625 0.04140625
1 0.4078125 0.92265625 0.04296875 0.040625
0 0.4171875 0.97578125 0.01328125 0.0484375
2 0.38125 0.9796875 0.0234375 0.040625
4 0.46640625 0.9671875 0.0328125 0.065625