5 0.4640625 0.2421875 0.03046875 0.05546875
2 0.4640625 0.17109375 0.03125 0.0703125
0 0.42109375 0.1859375 0.01328125 0.059375
6 0.425 0.27109375 0.02578125 0.0375
3 0.3859375 0.23359375 0.02265625 0.04765625
4 0.38046875 0.12890625 0.02734375 0.13515625
4 0.46796875 0.50859375 0.0375 0.103125
5 0.4515625 0.609375 0.03125 0.0546875
6 0.40625 0.63046875 0.02578125 0.034375
3 0.37421875 0.6015625 0.02421875 0.03984375
0 0.40859375 0.5421875 0.01328125 0.05
1 0.3984375 0.49921875 0.04375 0.02890625
5 0.4546875 0.96328125 0.03203125 0.05859375
6 0.41796875 0.98515625 0.0296875 0.0296875
3 0.36640625 0.953125 0.025 0.03984375
1 0.3953125 0.8234375 0.04140625 0.02890625
0 0.409375 0.8859375 0.01328125 0.06171875
2 0.3640625 0.8890625 0.0421875 0.0609375