5 0.4171875 0.95625 0.03359375 0.05546875
4 0.41328125 0.86171875 0.03125 0.0984375
3 0.3328125 0.94609375 0.02421875 0.05
2 0.32734375 0.87421875 0.0234375 0.0546875
0 0.36796875 0.8609375 0.0109375 0.059375
1 0.35546875 0.8015625 0.04765625 0.0359375
5 0.41171875 0.54375 0.03359375 0.05625
6 0.37109375 0.56328125 0.02421875 0.03671875
3 0.3203125 0.52734375 0.02421875 0.0453125
0 0.36640625 0.465625 0.0125 0.059375
2 0.31640625 0.453125 0.03203125 0.0546875
1 0.353125 0.40390625 0.04453125 0.03125
5 0.41015625 0.19296875 0.03359375 0.06328125
4 0.43125 0.06796875 0.03046875 0.109375
0 0.3671875 0.12578125 0.01171875 0.05546875
1 0.3578125 0.0796875 0.0453125 0.02890625
3 0.33046875 0.18359375 0.02109375 0.04453125
6 0.3640625 0.2078125 0.0265625 0.04296875