5 0.453125 0.96796875 0.03203125 0.05546875
6 0.415625 0.98828125 0.0265625 0.0234375
3 0.3671875 0.9578125 0.021875 0.03515625
2 0.36328125 0.90078125 0.02890625 0.04453125
0 0.409375 0.89296875 0.01171875 0.053125
1 0.396875 0.8328125 0.04296875 0.02578125
5 0.453125 0.63671875 0.03046875 0.05390625
6 0.41015625 0.65703125 0.0234375 0.02734375
3 0.37734375 0.62734375 0.02265625 0.03671875
0 0.4140625 0.56796875 0.0140625 0.05
1 0.403125 0.52578125 0.0421875 0.02578125
4 0.4734375 0.54453125 0.03203125 0.0890625
5 0.45390625 0.31171875 0.03046875 0.0546875
6 0.41640625 0.34296875 0.025 0.02734375
3 0.37734375 0.3015625 0.02109375 0.0375
0 0.4125 0.25703125 0.01015625 0.05078125
4 0.3734375 0.2015625 0.01875 0.10625
2 0.4546875 0.23671875 0.0234375 0.04765625