5 0.44375 0.2125 0.03359375 0.059375
5 0.44765625 0.59453125 0.0359375 0.06953125
5 0.428125 0.9765625 0.0390625 0.046875
4 0.45390625 0.4828125 0.0296875 0.11015625
4 0.446875 0.890625 0.0375 0.121875
1 0.37578125 0.825 0.05 0.03984375
1 0.38671875 0.44921875 0.04765625 0.028125
1 0.38828125 0.08515625 0.046875 0.04375
0 0.3828125 0.890625 0.01640625 0.0703125
0 0.4 0.50625 0.015625 0.06875
0 0.3984375 0.1484375 0.0109375 0.05625
6 0.4046875 0.23046875 0.025 0.053125
2 0.36015625 0.50078125 0.0296875 0.06328125
2 0.35234375 0.12734375 0.03984375 0.08515625
2 0.340625 0.8765625 0.04609375 0.07421875
3 0.33671875 0.9640625 0.03359375 0.0484375
3 0.3640625 0.58671875 0.03125 0.053125
3 0.35703125 0.20234375 0.03125 0.04921875
6 0.365625 0.99765625 0.03828125 0.0046875