5 0.48125 0.296875 0.03359375 0.06328125
5 0.465625 0.66328125 0.034375 0.0640625
4 0.48359375 0.16953125 0.028125 0.12265625
4 0.4828125 0.55859375 0.0296875 0.11015625
1 0.42109375 0.15703125 0.04296875 0.04140625
1 0.41015625 0.51328125 0.0421875 0.0328125
0 0.43359375 0.215625 0.01171875 0.05390625
0 0.421875 0.5765625 0.015625 0.0609375
2 0.39453125 0.20546875 0.02890625 0.078125
2 0.3828125 0.55703125 0.03984375 0.0609375
3 0.3765625 0.64765625 0.02421875 0.04453125
6 0.41171875 0.6859375 0.02578125 0.03828125
3 0.39765625 0.2890625 0.02734375 0.0421875