5 0.44140625 0.94609375 0.03125 0.0515625
4 0.4375 0.8578125 0.0296875 0.0921875
3 0.3625 0.93671875 0.02265625 0.046875
2 0.35703125 0.86953125 0.02265625 0.05078125
0 0.39453125 0.8578125 0.01015625 0.05546875
1 0.38359375 0.8015625 0.04453125 0.03359375
5 0.4359375 0.56015625 0.03125 0.053125
6 0.39765625 0.57890625 0.02265625 0.034375
3 0.35 0.5453125 0.02265625 0.0421875
0 0.39375 0.4875 0.01171875 0.05546875
2 0.34609375 0.47578125 0.03046875 0.05078125
1 0.38125 0.4296875 0.0421875 0.0296875
5 0.43515625 0.23203125 0.03203125 0.059375
4 0.45390625 0.11484375 0.028125 0.10234375
0 0.39453125 0.16875 0.0109375 0.05234375
1 0.38515625 0.12578125 0.0421875 0.02734375
3 0.359375 0.22265625 0.01953125 0.04140625
6 0.39140625 0.24609375 0.025 0.03984375