4 0.465625 0.80703125 0.02421875 0.096875
5 0.4609375 0.89296875 0.03203125 0.0546875
3 0.38046875 0.88671875 0.02421875 0.04453125
2 0.37890625 0.821875 0.02578125 0.04453125
0 0.41328125 0.80546875 0.01171875 0.05546875
1 0.40390625 0.74921875 0.0421875 0.0328125
5 0.4546875 0.52265625 0.03046875 0.05546875
6 0.41875 0.54296875 0.02421875 0.03359375
3 0.36953125 0.50859375 0.0234375 0.03828125
0 0.41171875 0.45390625 0.01015625 0.05078125
2 0.36484375 0.4390625 0.02578125 0.05
1 0.40078125 0.39609375 0.04296875 0.0296875
5 0.4578125 0.20546875 0.03046875 0.05390625
6 0.4140625 0.2171875 0.0234375 0.03203125
3 0.3828125 0.1953125 0.0203125 0.03828125
0 0.41796875 0.1421875 0.01015625 0.04921875
1 0.4078125 0.1 0.04140625 0.02578125
4 0.4796875 0.09140625 0.0265625 0.096875