2 0.35546875 0.50546875 0.034375 0.05078125
1 0.38984375 0.45703125 0.040625 0.02734375
0 0.40234375 0.51875 0.01015625 0.05390625
3 0.35859375 0.57734375 0.02578125 0.040625
6 0.40703125 0.6140625 0.028125 0.0390625
5 0.4453125 0.58828125 0.03203125 0.06328125
5 0.45078125 0.9703125 0.0328125 0.059375
3 0.37109375 0.9703125 0.02734375 0.046875
2 0.3671875 0.9046875 0.03125 0.0515625
0 0.403125 0.8828125 0.01484375 0.05859375
1 0.39296875 0.82421875 0.040625 0.03203125
4 0.45546875 0.88671875 0.0328125 0.103125
5 0.4484375 0.26171875 0.03046875 0.05390625
6 0.403125 0.27890625 0.0234375 0.04140625
3 0.37109375 0.24921875 0.021875 0.04140625
0 0.4078125 0.1953125 0.0125 0.05234375
1 0.396875 0.15234375 0.04140625 0.02578125
4 0.46875 0.14765625 0.034375 0.11484375