2 0.3671875 0.50546875 0.03359375 0.04921875
1 0.4 0.45859375 0.03984375 0.0265625
0 0.4125 0.51796875 0.009375 0.05234375
3 0.3703125 0.575 0.025 0.0390625
6 0.4171875 0.6109375 0.02734375 0.0375
5 0.4546875 0.5859375 0.03125 0.06171875
5 0.46171875 0.959375 0.0328125 0.06015625
3 0.38203125 0.9578125 0.0265625 0.0453125
2 0.37890625 0.89375 0.03046875 0.05
0 0.41328125 0.871875 0.01484375 0.05703125
1 0.40390625 0.815625 0.03984375 0.03125
4 0.4640625 0.87578125 0.03203125 0.10078125
5 0.4578125 0.26875 0.0296875 0.05234375
6 0.4140625 0.284375 0.02265625 0.03984375
3 0.3828125 0.25625 0.02109375 0.040625
0 0.41796875 0.203125 0.01171875 0.05078125
1 0.40703125 0.16171875 0.03984375 0.02578125
4 0.47734375 0.15703125 0.0328125 0.11171875