5 0.44609375 0.14453125 0.03046875 0.05546875
2 0.446875 0.07265625 0.028125 0.06875
0 0.4046875 0.0921875 0.0125 0.0515625
6 0.40859375 0.1734375 0.0265625 0.0390625
3 0.36953125 0.1375 0.0265625 0.05234375
4 0.4515625 0.4015625 0.034375 0.11328125
5 0.4328125 0.50703125 0.0296875 0.053125
6 0.38828125 0.52578125 0.0234375 0.0328125
0 0.3921875 0.44296875 0.0125 0.0515625
1 0.38125 0.39921875 0.0421875 0.025
3 0.3546875 0.5 0.021875 0.03828125
1 0.3796875 0.71953125 0.04375 0.028125
5 0.43515625 0.85390625 0.03125 0.0578125
3 0.34921875 0.84296875 0.02734375 0.04296875
2 0.34609375 0.78359375 0.040625 0.05546875
0 0.39140625 0.7796875 0.015625 0.06015625
4 0.3640625 0.04921875 0.025 0.0984375
6 0.39453125 0.88359375 0.02421875 0.0296875