0 0.42890625 0.44453125 0.01015625 0.04453125
1 0.41796875 0.3859375 0.040625 0.021875
4 0.48828125 0.42265625 0.02578125 0.096875
5 0.47109375 0.52734375 0.0328125 0.05546875
6 0.41953125 0.5453125 0.02109375 0.034375
3 0.3859375 0.5125 0.02265625 0.03671875
2 0.39140625 0.41953125 0.03046875 0.05
5 0.484375 0.178125 0.03125 0.0546875
3 0.40546875 0.17265625 0.0234375 0.040625
0 0.43828125 0.10625 0.01015625 0.04375
1 0.42734375 0.046875 0.03671875 0.02734375
2 0.403125 0.084375 0.025 0.0515625
4 0.48984375 0.05234375 0.02578125 0.1046875