0 0.43515625 0.4390625 0.01015625 0.04609375
1 0.425 0.37890625 0.04140625 0.02265625
4 0.49609375 0.41640625 0.0265625 0.0984375
5 0.47890625 0.5234375 0.03359375 0.05625
6 0.42578125 0.5421875 0.02109375 0.03515625
3 0.39140625 0.50859375 0.0234375 0.0375
2 0.39765625 0.41328125 0.03125 0.05078125
5 0.4921875 0.16640625 0.03203125 0.05546875
3 0.41171875 0.1609375 0.02421875 0.0421875
0 0.4453125 0.09296875 0.01015625 0.0453125
1 0.43359375 0.0328125 0.0375 0.028125
2 0.409375 0.07109375 0.025 0.053125
4 0.49765625 0.04609375 0.0265625 0.09140625