5 0.44140625 0.5 0.03125 0.05546875
5 0.44609375 0.88671875 0.03359375 0.05625
4 0.44609375 0.80078125 0.034375 0.1015625
2 0.3546875 0.41640625 0.0375 0.0515625
1 0.38671875 0.37109375 0.04609375 0.03125
0 0.39921875 0.43125 0.01640625 0.06171875
3 0.35625 0.48515625 0.028125 0.05078125
6 0.39921875 0.51875 0.03671875 0.0484375
5 0.4390625 0.1765625 0.03203125 0.05390625
4 0.4546875 0.0625 0.03984375 0.121875
1 0.38984375 0.07265625 0.03984375 0.02265625
0 0.4015625 0.1109375 0.0109375 0.05390625
3 0.36640625 0.16875 0.02421875 0.04921875
6 0.39765625 0.184375 0.025 0.03359375
2 0.36328125 0.81328125 0.03125 0.059375
3 0.36796875 0.8796875 0.02578125 0.0484375
0 0.4015625 0.803125 0.01640625 0.05234375
1 0.3890625 0.74140625 0.046875 0.040625