5 0.4359375 0.15234375 0.03046875 0.05625
2 0.43671875 0.07890625 0.028125 0.06953125
0 0.39375 0.09921875 0.0125 0.05234375
6 0.3984375 0.18203125 0.0265625 0.03984375
3 0.35859375 0.1453125 0.02734375 0.053125
4 0.4421875 0.4125 0.03515625 0.11484375
5 0.4234375 0.5203125 0.03046875 0.05390625
6 0.37734375 0.5390625 0.0234375 0.0328125
0 0.38125 0.4546875 0.0125 0.05234375
1 0.3703125 0.41015625 0.04296875 0.025
3 0.34375 0.5125 0.021875 0.0390625
1 0.36875 0.73515625 0.04375 0.02890625
5 0.425 0.871875 0.03203125 0.05859375
3 0.3375 0.8609375 0.028125 0.04375
2 0.33515625 0.80078125 0.04140625 0.05625
0 0.38046875 0.796875 0.015625 0.0609375
4 0.35390625 0.053125 0.025 0.10625
6 0.384375 0.9015625 0.025 0.03046875