2 0.44453125 0.846875 0.0234375 0.04921875
5 0.44375 0.9109375 0.0296875 0.05703125
6 0.40625 0.95 0.02578125 0.0390625
3 0.365625 0.90234375 0.02109375 0.0359375
0 0.40234375 0.84765625 0.01328125 0.0515625
4 0.35859375 0.82890625 0.02109375 0.09765625
5 0.4359375 0.55078125 0.0328125 0.0578125
6 0.38828125 0.5796875 0.021875 0.025
3 0.35390625 0.54921875 0.01953125 0.0359375
4 0.4484375 0.459375 0.02734375 0.09609375
0 0.390625 0.478125 0.0140625 0.05703125
1 0.378125 0.425 0.040625 0.0234375
2 0.3546875 0.46484375 0.02890625 0.046875