5 0.45078125 0.24921875 0.03203125 0.05703125
2 0.4515625 0.17578125 0.0328125 0.07265625
0 0.40625 0.190625 0.01328125 0.0609375
6 0.4109375 0.27890625 0.02734375 0.0390625
3 0.37109375 0.23984375 0.0234375 0.04921875
4 0.36484375 0.13125 0.028125 0.13984375
4 0.45546875 0.5234375 0.03828125 0.10625
5 0.43828125 0.628125 0.03203125 0.05625
6 0.39140625 0.65 0.02734375 0.03515625
3 0.3578125 0.61953125 0.025 0.040625
0 0.39375 0.55859375 0.01328125 0.0515625
1 0.38359375 0.5140625 0.0453125 0.03046875
5 0.44140625 0.98125 0.0328125 0.03671875
3 0.34921875 0.98046875 0.02578125 0.03828125
1 0.38046875 0.84921875 0.04296875 0.03046875
0 0.3953125 0.91328125 0.01328125 0.06328125
2 0.3484375 0.91640625 0.04375 0.0625