5 0.47109375 0.86640625 0.03359375 0.0578125
6 0.43359375 0.89453125 0.02265625 0.03046875
3 0.3828125 0.85390625 0.02421875 0.03515625
2 0.37734375 0.79296875 0.03046875 0.04375
0 0.42578125 0.79140625 0.01171875 0.05234375
1 0.4140625 0.7296875 0.0453125 0.02578125
5 0.47265625 0.52734375 0.03203125 0.05390625
6 0.428125 0.5453125 0.02421875 0.03671875
3 0.39375 0.515625 0.0203125 0.03671875
0 0.43125 0.45859375 0.0109375 0.05390625
1 0.41953125 0.41328125 0.04296875 0.0234375
4 0.49375 0.42890625 0.03203125 0.09140625
5 0.47265625 0.190625 0.03125 0.0578125
6 0.43515625 0.21875 0.0234375 0.034375
3 0.39453125 0.18046875 0.021875 0.040625
0 0.43125 0.1328125 0.01171875 0.0546875
4 0.390625 0.06796875 0.01953125 0.11328125
2 0.47421875 0.115625 0.025 0.0640625