5 0.428125 0.74453125 0.03046875 0.05703125
6 0.39140625 0.76953125 0.02265625 0.0296875
3 0.34375 0.7296875 0.0234375 0.03828125
2 0.33828125 0.66640625 0.028125 0.04453125
0 0.38671875 0.671875 0.009375 0.05390625
1 0.37421875 0.6109375 0.04140625 0.0265625
5 0.428125 0.4078125 0.03046875 0.05390625
6 0.384375 0.42578125 0.0203125 0.03515625
3 0.3515625 0.3984375 0.0203125 0.03828125
0 0.38828125 0.34453125 0.01171875 0.04765625
1 0.37734375 0.3015625 0.04296875 0.0265625
4 0.44765625 0.303125 0.02734375 0.09453125
5 0.44296875 0.05546875 0.03125 0.05859375
6 0.40546875 0.08125 0.0234375 0.03828125
3 0.3671875 0.04609375 0.021875 0.0421875