5 0.47578125 0.28125 0.034375 0.05859375
5 0.4796875 0.64140625 0.03515625 0.0625
4 0.48671875 0.54296875 0.034375 0.11171875
4 0.48046875 0.9265625 0.03046875 0.11640625
2 0.38359375 0.909375 0.0375 0.05234375
1 0.4109375 0.85859375 0.0453125 0.03046875
0 0.4203125 0.91640625 0.0125 0.05703125
3 0.39921875 0.6359375 0.02578125 0.04140625
3 0.434375 0.55625 0.01015625 0.0484375
2 0.39921875 0.5546875 0.02734375 0.0515625
1 0.425 0.50234375 0.03828125 0.03515625
6 0.43984375 0.30078125 0.0234375 0.04921875
6 0.390625 0.196875 0.03359375 0.075
3 0.39140625 0.26796875 0.02265625 0.0390625
0 0.43359375 0.21796875 0.00859375 0.05234375
1 0.4234375 0.1609375 0.05234375 0.0359375
3 0.3796875 0.98203125 0.028125 0.0359375
5 0.465625 0.99140625 0.03671875 0.01640625