5 0.45859375 0.80703125 0.03203125 0.05546875
4 0.4640625 0.71875 0.0234375 0.09765625
3 0.378125 0.8 0.0234375 0.0453125
2 0.37578125 0.73046875 0.0265625 0.04296875
0 0.41171875 0.71953125 0.0109375 0.05390625
1 0.4015625 0.66328125 0.0421875 0.0328125
5 0.45234375 0.4375 0.03046875 0.05546875
6 0.415625 0.4546875 0.02421875 0.0359375
3 0.36796875 0.4234375 0.0234375 0.0375
2 0.36328125 0.34921875 0.02734375 0.05078125
0 0.409375 0.36953125 0.01015625 0.05078125
1 0.3984375 0.31171875 0.040625 0.025
5 0.45546875 0.12265625 0.03046875 0.053125
6 0.41171875 0.1328125 0.02109375 0.03125
3 0.38046875 0.11171875 0.0203125 0.0390625
1 0.40625 0.0171875 0.04140625 0.02265625
0 0.41640625 0.059375 0.0109375 0.05234375