5 0.4734375 0.51796875 0.0359375 0.0640625
5 0.45625 0.915625 0.0390625 0.075
4 0.47734375 0.403125 0.034375 0.1234375
4 0.47421875 0.81484375 0.03359375 0.13046875
1 0.39921875 0.75234375 0.0484375 0.0390625
1 0.41328125 0.3703125 0.040625 0.04375
0 0.42265625 0.43125 0.01484375 0.0609375
0 0.409375 0.815625 0.01328125 0.06171875
2 0.3703125 0.8046875 0.0421875 0.0703125
2 0.384375 0.425 0.03203125 0.0640625
3 0.36171875 0.89375 0.03359375 0.04765625
3 0.3859375 0.515625 0.02734375 0.04609375
6 0.4 0.93828125 0.03125 0.05
5 0.4671875 0.13515625 0.03359375 0.065625
3 0.37578125 0.1234375 0.03046875 0.04921875
6 0.42734375 0.1546875 0.0296875 0.05859375
0 0.42109375 0.071875 0.01171875 0.06015625
1 0.41015625 0.0125 0.0515625 0.025
2 0.37421875 0.0484375 0.04140625 0.084375