5 0.465625 0.6125 0.0328125 0.059375
6 0.4140625 0.6359375 0.02109375 0.0390625
4 0.48203125 0.509375 0.02734375 0.08984375
0 0.4234375 0.528125 0.0109375 0.053125
1 0.41328125 0.46953125 0.04453125 0.02734375
2 0.38359375 0.50703125 0.034375 0.06171875
3 0.3796875 0.596875 0.02734375 0.04140625
4 0.48515625 0.1375 0.025 0.1140625
5 0.4796875 0.2609375 0.0328125 0.05859375
0 0.4328125 0.1875 0.0109375 0.05078125
1 0.4234375 0.12890625 0.040625 0.0296875
2 0.396875 0.17109375 0.02890625 0.0703125
3 0.4 0.2546875 0.02734375 0.04375