5 0.409375 0.93515625 0.03203125 0.0578125
6 0.3703125 0.96640625 0.02890625 0.03671875
3 0.31796875 0.92421875 0.0265625 0.03671875
2 0.3109375 0.8625 0.0296875 0.046875
0 0.3625 0.85546875 0.0109375 0.0546875
1 0.35 0.79140625 0.04765625 0.028125
5 0.4109375 0.57890625 0.03203125 0.05859375
6 0.36328125 0.59921875 0.02265625 0.0328125
3 0.328125 0.5671875 0.0234375 0.0375
0 0.3671875 0.50703125 0.01171875 0.05546875
1 0.35546875 0.4609375 0.04375 0.0265625
4 0.43359375 0.47734375 0.03671875 0.0953125
6 0.37109375 0.2578125 0.025 0.034375
5 0.4109375 0.2265625 0.03359375 0.0609375
2 0.41171875 0.14609375 0.02578125 0.0578125
3 0.328125 0.215625 0.021875 0.04296875
0 0.36640625 0.16640625 0.01015625 0.05078125
4 0.3234375 0.10234375 0.021875 0.1265625