5 0.475 0.74296875 0.03125 0.0546875
4 0.47734375 0.6484375 0.021875 0.0921875
0 0.428125 0.6578125 0.0109375 0.05234375
2 0.39375 0.66328125 0.025 0.0421875
1 0.41796875 0.6 0.040625 0.0328125
3 0.3953125 0.7390625 0.02265625 0.03828125
5 0.4703125 0.37734375 0.03125 0.0546875
6 0.43359375 0.39453125 0.02578125 0.0359375
3 0.3859375 0.36328125 0.0234375 0.03828125
0 0.42734375 0.309375 0.01171875 0.04765625
2 0.38203125 0.28671875 0.02734375 0.053125
1 0.415625 0.253125 0.040625 0.028125
1 0.40625 0.959375 0.04375 0.034375
5 0.4734375 0.06796875 0.02890625 0.0515625
6 0.4296875 0.07578125 0.0203125 0.028125
3 0.39921875 0.05703125 0.01875 0.0390625