5 0.47734375 0.259375 0.03671875 0.06171875
5 0.48125 0.64140625 0.0375 0.06640625
4 0.48828125 0.53671875 0.03671875 0.11875
4 0.48125 0.940625 0.03125 0.11796875
2 0.37890625 0.92578125 0.03984375 0.05546875
1 0.4078125 0.871875 0.04765625 0.0328125
0 0.41796875 0.9328125 0.01328125 0.0609375
3 0.39609375 0.6359375 0.028125 0.04375
3 0.4328125 0.55078125 0.0109375 0.0515625
2 0.39609375 0.54921875 0.02890625 0.0546875
1 0.42265625 0.49375 0.040625 0.0375
6 0.43828125 0.2796875 0.025 0.05234375
6 0.3859375 0.16875 0.0359375 0.0796875
3 0.38671875 0.24453125 0.02421875 0.0421875
0 0.43203125 0.19140625 0.009375 0.05546875
1 0.421875 0.13125 0.05546875 0.03828125
3 0.37421875 0.99140625 0.0296875 0.0171875