5 0.46328125 0.753125 0.0328125 0.05625
3 0.3828125 0.74921875 0.02578125 0.04296875
2 0.38125 0.67265625 0.03046875 0.04765625
0 0.415625 0.66953125 0.0140625 0.05703125
4 0.46640625 0.65859375 0.03515625 0.10546875
1 0.40703125 0.609375 0.04140625 0.0359375
5 0.4578125 0.3875 0.03203125 0.0625
6 0.4203125 0.40859375 0.028125 0.05078125
3 0.3734375 0.3765625 0.02578125 0.0453125
2 0.36953125 0.3046875 0.0359375 0.0625
1 0.40390625 0.26328125 0.04296875 0.02890625
0 0.41484375 0.321875 0.015625 0.05859375
5 0.4609375 0.0765625 0.03046875 0.05703125
3 0.38671875 0.0703125 0.02265625 0.04296875
6 0.41796875 0.08671875 0.025 0.034375
0 0.41953125 0.0234375 0.015625 0.046875
1 0.39765625 0.9703125 0.05 0.034375