2 0.440625 0.73828125 0.02421875 0.040625
5 0.4390625 0.8 0.03125 0.0515625
6 0.40078125 0.8359375 0.02421875 0.03203125
3 0.36171875 0.79296875 0.01875 0.03828125
0 0.39765625 0.73984375 0.0109375 0.04921875
4 0.3546875 0.71953125 0.01953125 0.09765625
4 0.44140625 0.36015625 0.02421875 0.0921875
5 0.43125 0.45234375 0.03125 0.05390625
6 0.3859375 0.47734375 0.0234375 0.02890625
3 0.35078125 0.45 0.021875 0.0375
0 0.38671875 0.3796875 0.0140625 0.0515625
2 0.35 0.36328125 0.02421875 0.04765625
1 0.375 0.328125 0.04140625 0.02734375