5 0.453125 0.8453125 0.0296875 0.0546875
6 0.409375 0.86953125 0.021875 0.03046875
3 0.37734375 0.834375 0.02265625 0.0421875
0 0.41328125 0.775 0.01171875 0.05390625
4 0.4765625 0.7609375 0.0265625 0.09453125
1 0.4015625 0.7328125 0.0421875 0.02578125
6 0.41484375 0.5453125 0.0234375 0.0359375
5 0.45234375 0.51171875 0.02890625 0.05390625
2 0.453125 0.4453125 0.02421875 0.0515625
3 0.37578125 0.50234375 0.0203125 0.0390625
0 0.4109375 0.4546875 0.01015625 0.05
4 0.3703125 0.41953125 0.021875 0.0921875