5 0.45703125 0.75234375 0.03046875 0.05390625
6 0.42109375 0.77734375 0.021875 0.0296875
3 0.371875 0.740625 0.0234375 0.0375
2 0.36796875 0.67734375 0.0296875 0.04375
0 0.4140625 0.68203125 0.009375 0.05234375
1 0.40234375 0.621875 0.0421875 0.0265625
5 0.45859375 0.428125 0.02890625 0.0515625
6 0.41484375 0.44375 0.021875 0.02890625
3 0.3828125 0.41796875 0.0203125 0.03515625
0 0.41875 0.3609375 0.01171875 0.04765625
1 0.40703125 0.31953125 0.03984375 0.02578125
4 0.48125 0.32578125 0.02578125 0.0921875
5 0.459375 0.10390625 0.02890625 0.0515625
6 0.42265625 0.13046875 0.0234375 0.034375
3 0.38359375 0.09453125 0.01953125 0.03828125
0 0.41875 0.05 0.01015625 0.04765625
2 0.459375 0.0328125 0.02265625 0.06328125