5 0.4578125 0.76953125 0.0328125 0.05390625
3 0.38046875 0.76484375 0.025 0.04140625
2 0.3765625 0.6953125 0.02421875 0.04140625
0 0.41328125 0.68515625 0.0109375 0.053125
1 0.40234375 0.62890625 0.04140625 0.034375
4 0.46328125 0.68125 0.02265625 0.0921875
5 0.453125 0.3921875 0.03125 0.053125
6 0.41640625 0.41015625 0.02265625 0.03671875
3 0.36875 0.37734375 0.0234375 0.03828125
0 0.41015625 0.3234375 0.01015625 0.05
2 0.3640625 0.3 0.028125 0.0453125
1 0.3984375 0.26484375 0.04140625 0.02734375
5 0.45078125 0.0703125 0.0296875 0.05390625
6 0.40703125 0.08203125 0.0203125 0.03515625
3 0.3765625 0.06484375 0.01953125 0.03984375