5 0.46796875 0.553125 0.03515625 0.06015625
4 0.48359375 0.44765625 0.0296875 0.10625
3 0.38046875 0.5375 0.0234375 0.040625
2 0.38515625 0.44296875 0.03125 0.05703125
0 0.42421875 0.46796875 0.0125 0.053125
1 0.41484375 0.4109375 0.04375 0.0296875
5 0.48125 0.1953125 0.03203125 0.05546875
4 0.4859375 0.071875 0.025 0.1265625
3 0.4 0.18984375 0.02265625 0.04375
2 0.39765625 0.103125 0.02421875 0.0625
0 0.4328125 0.11796875 0.01015625 0.04609375
1 0.42421875 0.06171875 0.03828125 0.03203125
6 0.415625 0.57109375 0.0234375 0.03203125