5 0.48671875 0.73671875 0.0328125 0.05859375
6 0.44765625 0.7640625 0.0234375 0.0328125
3 0.3953125 0.72421875 0.025 0.040625
2 0.38984375 0.65546875 0.03203125 0.04765625
0 0.43984375 0.66015625 0.01015625 0.05703125
1 0.42734375 0.59609375 0.0453125 0.02890625
5 0.48828125 0.38671875 0.03125 0.05546875
6 0.44140625 0.403125 0.0234375 0.03125
3 0.40625 0.375 0.021875 0.03828125
0 0.4453125 0.3140625 0.0125 0.0515625
1 0.4328125 0.26875 0.04296875 0.028125
4 0.5125 0.27578125 0.02734375 0.1
5 0.4890625 0.0359375 0.03125 0.05625
6 0.45 0.0640625 0.025 0.0375
3 0.40703125 0.02578125 0.02109375 0.04140625