0 0.4109375 0.55234375 0.0109375 0.05234375
5 0.4578125 0.63828125 0.03203125 0.05625
3 0.37578125 0.6328125 0.02421875 0.03828125
2 0.37421875 0.54921875 0.025 0.0484375
4 0.4625 0.5328125 0.02421875 0.096875
1 0.4 0.4953125 0.04296875 0.03203125
5 0.453125 0.27109375 0.03125 0.05703125
6 0.41640625 0.28359375 0.02265625 0.034375
3 0.36875 0.25546875 0.02421875 0.03984375
2 0.36640625 0.18125 0.0296875 0.0703125
0 0.4109375 0.2046875 0.0109375 0.04765625
1 0.39921875 0.14765625 0.04296875 0.03125
4 0.45546875 0.92734375 0.025 0.1015625
5 0.4390625 0.99453125 0.03359375 0.0109375
3 0.35 0.9875 0.025 0.025
0 0.39609375 0.92421875 0.0140625 0.05703125
2 0.3546875 0.9125 0.03203125 0.05078125
1 0.3859375 0.8609375 0.04453125 0.03125