5 0.45390625 0.715625 0.03125 0.0578125
3 0.37890625 0.70546875 0.02109375 0.04140625
6 0.41015625 0.73671875 0.0265625 0.03125
0 0.4140625 0.646875 0.0140625 0.0515625
1 0.40390625 0.603125 0.04765625 0.03125
4 0.47421875 0.62421875 0.03359375 0.10078125
0 0.4125 0.3265625 0.01171875 0.04609375
2 0.45546875 0.31953125 0.0265625 0.05703125
5 0.45390625 0.38671875 0.0296875 0.05390625
6 0.41484375 0.41875 0.02421875 0.0375
3 0.37890625 0.3765625 0.02265625 0.04609375
4 0.37265625 0.2828125 0.02421875 0.10625
1 0.3984375 0.909375 0.04921875 0.03046875
0 0.41015625 0.97109375 0.0171875 0.0578125
2 0.3640625 0.97265625 0.03515625 0.05390625