5 0.47734375 0.76328125 0.03359375 0.06171875
3 0.396875 0.7515625 0.02265625 0.04453125
6 0.43046875 0.7859375 0.028125 0.03359375
0 0.43515625 0.6890625 0.01484375 0.05546875
1 0.4234375 0.6421875 0.05078125 0.03359375
4 0.49921875 0.66484375 0.0359375 0.10859375
0 0.4328125 0.34453125 0.01328125 0.04921875
2 0.4796875 0.3375 0.02890625 0.06171875
5 0.47734375 0.409375 0.03203125 0.0578125
6 0.4359375 0.44453125 0.02578125 0.03984375
3 0.396875 0.3984375 0.025 0.04921875
4 0.38984375 0.29765625 0.02578125 0.11484375
1 0.41796875 0.971875 0.053125 0.0328125