5 0.41171875 0.74765625 0.0328125 0.06171875
6 0.371875 0.77421875 0.02421875 0.03203125
3 0.32109375 0.73203125 0.025 0.04140625
2 0.3140625 0.6640625 0.03046875 0.04765625
0 0.36640625 0.6703125 0.01015625 0.0578125
1 0.353125 0.6046875 0.04453125 0.02890625
5 0.41171875 0.38671875 0.0328125 0.0578125
6 0.3640625 0.4046875 0.021875 0.03828125
3 0.32890625 0.37578125 0.021875 0.04140625
0 0.36796875 0.31796875 0.0125 0.05078125
1 0.35703125 0.271875 0.04609375 0.02890625
4 0.43203125 0.2734375 0.0296875 0.1015625
5 0.4265625 0.01953125 0.0328125 0.0390625
6 0.38671875 0.03515625 0.025 0.04140625
3 0.34453125 0.009375 0.0234375 0.01875