5 0.45 0.2375 0.03203125 0.05625
5 0.453125 0.59921875 0.03359375 0.06640625
5 0.43515625 0.96953125 0.03671875 0.0609375
4 0.459375 0.49375 0.028125 0.10390625
4 0.45234375 0.8796875 0.03515625 0.11484375
1 0.38515625 0.81796875 0.04765625 0.0375
1 0.3953125 0.46171875 0.0453125 0.0265625
1 0.396875 0.1171875 0.04453125 0.04140625
0 0.3921875 0.8796875 0.015625 0.0671875
0 0.4078125 0.515625 0.01484375 0.065625
0 0.40703125 0.1765625 0.01015625 0.053125
6 0.4125 0.2546875 0.0234375 0.05078125
2 0.3703125 0.51015625 0.028125 0.06015625
2 0.36328125 0.15703125 0.0375 0.08125
2 0.3515625 0.86640625 0.04375 0.0703125
3 0.3484375 0.94921875 0.03203125 0.04609375
3 0.37421875 0.59140625 0.0296875 0.05078125
3 0.3671875 0.22734375 0.0296875 0.046875
6 0.37578125 0.9890625 0.0359375 0.021875