5 0.440625 0.49296875 0.03203125 0.05703125
5 0.4453125 0.890625 0.034375 0.0578125
4 0.4453125 0.80234375 0.03515625 0.1046875
2 0.3515625 0.40703125 0.03828125 0.05234375
1 0.384375 0.36015625 0.046875 0.03203125
0 0.396875 0.42265625 0.01640625 0.06328125
3 0.353125 0.478125 0.02890625 0.05234375
6 0.39765625 0.5125 0.0375 0.05
5 0.43828125 0.16015625 0.0328125 0.05546875
4 0.45390625 0.053125 0.04140625 0.10546875
1 0.38828125 0.053125 0.040625 0.0234375
0 0.39921875 0.0921875 0.01171875 0.05546875
3 0.36328125 0.15234375 0.025 0.05078125
6 0.3953125 0.16796875 0.02578125 0.03515625
2 0.3609375 0.81484375 0.03203125 0.0609375
3 0.36484375 0.8828125 0.0265625 0.05
0 0.4 0.8046875 0.0171875 0.05390625
1 0.38671875 0.74140625 0.04765625 0.0421875