5 0.46875 0.78515625 0.0359375 0.06015625
3 0.38046875 0.78125 0.0265625 0.05078125
2 0.378125 0.70390625 0.028125 0.05
0 0.4171875 0.69140625 0.0109375 0.05859375
4 0.47265625 0.6875 0.021875 0.10078125
1 0.40390625 0.6296875 0.0453125 0.03515625
5 0.459375 0.36328125 0.0359375 0.0609375
6 0.41953125 0.38359375 0.02421875 0.0390625
3 0.36640625 0.34609375 0.02578125 0.04375
0 0.41171875 0.2875 0.0109375 0.0546875
2 0.3609375 0.26328125 0.03125 0.0578125
1 0.4 0.2203125 0.05 0.03203125
5 0.45625 0.01640625 0.034375 0.03203125
6 0.40859375 0.01796875 0.0234375 0.03515625
3 0.3734375 0.00859375 0.02109375 0.0171875