5 0.46484375 0.54296875 0.0359375 0.06171875
4 0.48046875 0.434375 0.03046875 0.10859375
3 0.375 0.5265625 0.02421875 0.04140625
2 0.37890625 0.4296875 0.03203125 0.05859375
0 0.41953125 0.45546875 0.0125 0.0546875
1 0.41015625 0.396875 0.04453125 0.03046875
5 0.478125 0.17578125 0.0328125 0.05703125
4 0.4828125 0.05703125 0.0265625 0.1140625
3 0.3953125 0.16953125 0.0234375 0.04453125
2 0.3921875 0.08125 0.025 0.0640625
0 0.42890625 0.09609375 0.01015625 0.04765625
1 0.41953125 0.03828125 0.03984375 0.0328125
6 0.4109375 0.56171875 0.02421875 0.0328125