2 0.44140625 0.8359375 0.0234375 0.04765625
5 0.440625 0.89921875 0.02890625 0.05625
6 0.403125 0.9375 0.02578125 0.03828125
3 0.3640625 0.890625 0.0203125 0.03515625
0 0.4 0.83671875 0.0125 0.05
4 0.35625 0.81953125 0.02109375 0.0953125
5 0.4328125 0.546875 0.03203125 0.05625
6 0.3859375 0.575 0.02109375 0.025
3 0.35234375 0.5453125 0.01875 0.03515625
4 0.44453125 0.45703125 0.02734375 0.09375
0 0.38828125 0.47578125 0.0140625 0.05625
1 0.37578125 0.4234375 0.03984375 0.0234375
2 0.353125 0.46328125 0.028125 0.0453125