5 0.4765625 0.5578125 0.034375 0.05859375
4 0.4921875 0.4546875 0.0296875 0.10390625
3 0.39140625 0.5421875 0.0234375 0.03984375
2 0.3953125 0.44921875 0.03046875 0.05546875
0 0.43359375 0.47421875 0.01171875 0.05234375
1 0.42421875 0.41796875 0.04296875 0.02890625
5 0.4890625 0.2078125 0.03125 0.0546875
4 0.49375 0.0875 0.025 0.12421875
3 0.41015625 0.20234375 0.021875 0.04296875
2 0.4078125 0.1171875 0.02421875 0.0609375
0 0.4421875 0.13203125 0.01015625 0.0453125
1 0.43359375 0.0765625 0.0375 0.03125
6 0.425 0.575 0.02265625 0.03125