2 0.4765625 0.7953125 0.0265625 0.04453125
5 0.47578125 0.86328125 0.034375 0.05625
6 0.43359375 0.90234375 0.0265625 0.03515625
3 0.39140625 0.85546875 0.02109375 0.04140625
0 0.4296875 0.79765625 0.01171875 0.05390625
4 0.3828125 0.77578125 0.021875 0.10703125
4 0.47734375 0.38203125 0.0265625 0.10078125
5 0.4671875 0.4828125 0.034375 0.059375
6 0.4171875 0.51015625 0.02578125 0.03203125
3 0.37890625 0.4796875 0.02421875 0.04140625
0 0.41796875 0.403125 0.01484375 0.05625
2 0.378125 0.38515625 0.0265625 0.0515625
1 0.4046875 0.346875 0.0453125 0.03046875