5 0.45390625 0.7953125 0.0328125 0.06015625
6 0.4015625 0.81640625 0.0234375 0.03046875
3 0.36875 0.778125 0.02578125 0.0375
2 0.37109375 0.6875 0.03046875 0.05
0 0.41171875 0.703125 0.0140625 0.05234375
1 0.4015625 0.6484375 0.04375 0.0296875
4 0.47109375 0.69765625 0.02265625 0.09765625
3 0.38984375 0.428125 0.02265625 0.03828125
6 0.38671875 0.340625 0.025 0.0515625
0 0.42265625 0.353125 0.01015625 0.0484375
1 0.41171875 0.29765625 0.04140625 0.03046875
4 0.475 0.31953125 0.02109375 0.10078125
5 0.46953125 0.43359375 0.03046875 0.0546875
5 0.46171875 0.08125 0.0296875 0.0546875
6 0.4265625 0.09140625 0.021875 0.03828125
3 0.37890625 0.06953125 0.0234375 0.04375
0 0.4203125 0.0234375 0.01171875 0.04453125