5 0.47421875 0.75703125 0.03203125 0.05625
4 0.4765625 0.66015625 0.021875 0.09453125
0 0.4265625 0.66953125 0.0109375 0.053125
2 0.3921875 0.675 0.02578125 0.04296875
1 0.41640625 0.6109375 0.04140625 0.03359375
3 0.39296875 0.753125 0.0234375 0.0390625
5 0.46953125 0.3828125 0.03203125 0.05625
6 0.43203125 0.40078125 0.0265625 0.03671875
3 0.38359375 0.36875 0.02421875 0.0390625
0 0.42578125 0.3140625 0.01171875 0.0484375
2 0.3796875 0.290625 0.02734375 0.0546875
1 0.4140625 0.25546875 0.04140625 0.02890625
1 0.40390625 0.978125 0.04453125 0.03515625
5 0.47265625 0.06640625 0.0296875 0.053125
6 0.42890625 0.07421875 0.02109375 0.02890625
3 0.396875 0.05546875 0.01953125 0.03984375