5 0.45859375 0.5046875 0.03671875 0.065625
5 0.44140625 0.91015625 0.03984375 0.0765625
4 0.4625 0.3875 0.03515625 0.12578125
4 0.459375 0.80703125 0.03359375 0.1328125
1 0.3828125 0.74296875 0.04921875 0.03984375
1 0.396875 0.35390625 0.04140625 0.04453125
0 0.40703125 0.415625 0.015625 0.06171875
0 0.39375 0.8078125 0.0140625 0.0625
2 0.35390625 0.79609375 0.04296875 0.07109375
2 0.36796875 0.41015625 0.0328125 0.065625
3 0.34453125 0.8875 0.03359375 0.0484375
3 0.36953125 0.50234375 0.02734375 0.046875
6 0.38359375 0.9328125 0.03203125 0.05078125
5 0.45234375 0.11484375 0.034375 0.0671875
3 0.359375 0.103125 0.03125 0.05
6 0.41171875 0.134375 0.0296875 0.059375
0 0.4046875 0.05 0.01171875 0.06171875
2 0.35703125 0.034375 0.0421875 0.06875