5 0.4703125 0.75546875 0.03359375 0.05859375
3 0.38671875 0.7515625 0.02734375 0.04453125
2 0.38515625 0.671875 0.03203125 0.05
0 0.42109375 0.66875 0.0140625 0.05859375
4 0.47265625 0.65703125 0.03671875 0.109375
1 0.41171875 0.60625 0.04296875 0.0375
5 0.4640625 0.3765625 0.03359375 0.06484375
6 0.42578125 0.39765625 0.02890625 0.053125
3 0.37734375 0.36484375 0.02734375 0.046875
2 0.37265625 0.28984375 0.03671875 0.06484375
1 0.4078125 0.246875 0.04453125 0.0296875
0 0.41953125 0.30859375 0.01640625 0.0609375
5 0.46796875 0.05390625 0.03125 0.059375
3 0.390625 0.046875 0.0234375 0.04453125
6 0.4234375 0.0640625 0.02578125 0.0359375
0 0.425 0.01171875 0.01640625 0.0234375
1 0.4015625 0.98046875 0.0515625 0.0359375