5 0.453125 0.5 0.03203125 0.05703125
5 0.4578125 0.89921875 0.03515625 0.0578125
4 0.4578125 0.81015625 0.03515625 0.1046875
2 0.3640625 0.4140625 0.03828125 0.053125
1 0.396875 0.3671875 0.04765625 0.03203125
0 0.409375 0.4296875 0.01640625 0.06328125
3 0.36484375 0.48515625 0.02890625 0.053125
6 0.41015625 0.51953125 0.0375 0.05
5 0.45078125 0.16640625 0.03359375 0.05546875
4 0.4671875 0.05625 0.0421875 0.11171875
1 0.4 0.05859375 0.040625 0.0234375
0 0.41171875 0.0984375 0.01171875 0.05546875
3 0.37578125 0.1578125 0.025 0.05078125
6 0.4078125 0.17421875 0.02578125 0.03515625
2 0.37265625 0.8234375 0.03203125 0.0609375
3 0.37734375 0.89140625 0.0265625 0.05
0 0.4125 0.8125 0.0171875 0.05390625
1 0.39921875 0.74921875 0.04765625 0.0421875