5 0.471875 0.78203125 0.03515625 0.05859375
3 0.3875 0.77734375 0.0265625 0.04453125
2 0.3828125 0.7015625 0.0265625 0.0453125
0 0.42265625 0.690625 0.0125 0.0578125
1 0.4109375 0.6296875 0.04453125 0.03671875
4 0.47734375 0.68671875 0.02421875 0.1
5 0.465625 0.37265625 0.034375 0.0578125
6 0.42578125 0.39140625 0.02421875 0.03984375
3 0.375 0.35625 0.02578125 0.0421875
0 0.41953125 0.29765625 0.0109375 0.05390625
2 0.36953125 0.271875 0.03046875 0.04921875
1 0.40703125 0.23359375 0.0453125 0.0296875
5 0.46328125 0.025 0.03125 0.05
6 0.41640625 0.034375 0.021875 0.03828125
3 0.3828125 0.01796875 0.02109375 0.0359375