5 0.42578125 0.09296875 0.03203125 0.0546875
3 0.34765625 0.084375 0.0234375 0.04609375
6 0.38046875 0.1078125 0.02421875 0.0421875
3 0.340625 0.41875 0.028125 0.0453125
6 0.38828125 0.45234375 0.0296875 0.0421875
5 0.42890625 0.4328125 0.034375 0.065625
2 0.33828125 0.34453125 0.03984375 0.065625
1 0.3734375 0.3 0.04453125 0.0375
0 0.384375 0.3546875 0.01015625 0.05078125
5 0.43515625 0.8328125 0.034375 0.0609375
4 0.43671875 0.74609375 0.0328125 0.10625
2 0.34921875 0.7546875 0.0328125 0.0578125
0 0.38671875 0.7453125 0.0171875 0.059375
1 0.37421875 0.6859375 0.04296875 0.03828125
3 0.353125 0.82890625 0.0234375 0.046875
0 0.38203125 0.0328125 0.015625 0.065625
4 0.43828125 0.02265625 0.0359375 0.0453125