5 0.4734375 0.65625 0.03671875 0.06171875
5 0.4703125 0.26328125 0.0359375 0.065625
1 0.41328125 0.13671875 0.04609375 0.0296875
1 0.4125 0.50078125 0.04453125 0.04140625
0 0.42421875 0.56328125 0.0140625 0.05390625
0 0.42265625 0.19609375 0.01171875 0.05703125
0 0.4078125 0.96015625 0.0171875 0.06484375
1 0.39765625 0.8890625 0.04296875 0.04453125
2 0.36640625 0.94609375 0.04453125 0.06328125
2 0.38671875 0.5609375 0.03203125 0.0609375
2 0.375 0.175 0.03671875 0.0875
4 0.46875 0.9484375 0.04453125 0.103125
3 0.3859375 0.6515625 0.03046875 0.05703125
4 0.478125 0.54375 0.03203125 0.1203125
6 0.42890625 0.28359375 0.028125 0.05078125
3 0.37734375 0.25078125 0.03046875 0.05703125