5 0.49140625 0.746875 0.03515625 0.0625
3 0.40625 0.74453125 0.0296875 0.0515625
2 0.40546875 0.65703125 0.02890625 0.053125
0 0.44140625 0.65703125 0.0125 0.0578125
4 0.496875 0.64453125 0.03125 0.1125
1 0.43046875 0.59453125 0.04140625 0.03515625
5 0.4859375 0.35859375 0.03203125 0.05859375
2 0.39453125 0.265625 0.03359375 0.06875
3 0.39765625 0.34453125 0.02734375 0.04765625
1 0.4296875 0.22421875 0.0453125 0.03359375
0 0.440625 0.2875 0.0109375 0.05703125
6 0.4453125 0.38046875 0.03203125 0.053125
5 0.4890625 0.0328125 0.03359375 0.053125
3 0.4125 0.025 0.02265625 0.04375
6 0.44453125 0.04609375 0.0265625 0.05078125
1 0.41875 0.97890625 0.05234375 0.03828125