4 0.49296875 0.5625 0.0234375 0.09921875
5 0.4859375 0.6640625 0.0296875 0.0546875
3 0.40703125 0.659375 0.0234375 0.0390625
2 0.40625 0.57890625 0.02421875 0.0515625
0 0.43984375 0.58046875 0.01015625 0.04921875
1 0.428125 0.52265625 0.03984375 0.03359375
5 0.48046875 0.30234375 0.03046875 0.05625
6 0.44453125 0.31875 0.02421875 0.0375
3 0.39765625 0.2890625 0.02265625 0.040625
0 0.4390625 0.2375 0.0125 0.04609375
2 0.39375 0.21171875 0.02578125 0.05390625
1 0.428125 0.18125 0.040625 0.02578125
4 0.48828125 0.94921875 0.0265625 0.1015625
0 0.42734375 0.93984375 0.01328125 0.05625
2 0.38984375 0.93203125 0.03203125 0.0453125
1 0.4171875 0.88125 0.04375 0.0265625
5 0.484375 0.0171875 0.03515625 0.034375
6 0.440625 0.0234375 0.02734375 0.046875
3 0.409375 0.00859375 0.0203125 0.01640625