5 0.46328125 0.64140625 0.03359375 0.0578125
5 0.46015625 0.27578125 0.03359375 0.06171875
1 0.40703125 0.1578125 0.04296875 0.02734375
1 0.40703125 0.49609375 0.04140625 0.03828125
0 0.41796875 0.5546875 0.0125 0.05
0 0.41640625 0.2125 0.0109375 0.053125
0 0.403125 0.92421875 0.01640625 0.06015625
1 0.39296875 0.85859375 0.03984375 0.04140625
2 0.3640625 0.9109375 0.04140625 0.059375
2 0.3828125 0.55234375 0.0296875 0.05625
2 0.371875 0.19375 0.03359375 0.08125
4 0.459375 0.92578125 0.040625 0.11875
3 0.38203125 0.63671875 0.028125 0.053125
4 0.46796875 0.53671875 0.03046875 0.11171875
6 0.421875 0.29453125 0.02578125 0.04765625
3 0.3609375 0.9828125 0.02734375 0.034375
3 0.37421875 0.2640625 0.028125 0.053125