5 0.42421875 0.6921875 0.034375 0.065625
5 0.4203125 0.32890625 0.040625 0.059375
1 0.36640625 0.2125 0.04765625 0.03046875
1 0.3671875 0.5484375 0.04765625 0.03359375
1 0.36953125 0.96171875 0.0515625 0.03359375
0 0.3796875 0.9921875 0.021875 0.01484375
0 0.37578125 0.61484375 0.0171875 0.0625
0 0.3765625 0.259375 0.0125 0.0625
3 0.340625 0.3203125 0.025 0.0515625
3 0.33125 0.6796875 0.034375 0.0484375
6 0.3734375 0.35078125 0.02890625 0.0453125
6 0.38125 0.71875 0.02734375 0.03671875
2 0.32734375 0.60390625 0.0421875 0.04375
4 0.4296875 0.9890625 0.02890625 0.02109375
4 0.43828125 0.2171875 0.0359375 0.109375