5 0.465625 0.4890625 0.03359375 0.059375
5 0.45 0.85703125 0.0359375 0.06953125
4 0.46953125 0.3828125 0.03203125 0.1140625
4 0.46640625 0.76328125 0.03125 0.1203125
1 0.396875 0.70546875 0.04453125 0.0359375
1 0.409375 0.35234375 0.0375 0.03984375
0 0.41875 0.40859375 0.0140625 0.05625
0 0.40625 0.7640625 0.0125 0.05703125
2 0.36953125 0.75390625 0.0390625 0.06484375
2 0.3828125 0.403125 0.0296875 0.059375
3 0.36171875 0.83671875 0.03125 0.04375
3 0.384375 0.48671875 0.025 0.0421875
6 0.396875 0.878125 0.02890625 0.04609375
5 0.459375 0.13515625 0.03125 0.0609375
3 0.375 0.12421875 0.02890625 0.0453125
6 0.42265625 0.15234375 0.02734375 0.05390625
0 0.41640625 0.07578125 0.0109375 0.05546875
1 0.40703125 0.0203125 0.0484375 0.02734375
2 0.3734375 0.0546875 0.03828125 0.078125