5 0.43046875 0.92421875 0.03125 0.05625
6 0.39140625 0.95390625 0.028125 0.0359375
3 0.34140625 0.91328125 0.02578125 0.0359375
2 0.334375 0.853125 0.02890625 0.0453125
0 0.38515625 0.846875 0.0109375 0.053125
1 0.37265625 0.784375 0.04609375 0.02734375
5 0.43125 0.578125 0.03125 0.05703125
6 0.38515625 0.59765625 0.02265625 0.03203125
3 0.3515625 0.5671875 0.02265625 0.03671875
0 0.3890625 0.5078125 0.01171875 0.05390625
1 0.378125 0.46328125 0.0421875 0.02578125
4 0.45390625 0.4796875 0.0359375 0.09296875
6 0.3921875 0.26640625 0.02421875 0.03359375
5 0.43125 0.2359375 0.03203125 0.059375
2 0.4328125 0.15859375 0.02578125 0.05625
3 0.35078125 0.22578125 0.02109375 0.04140625
0 0.38828125 0.178125 0.01015625 0.04921875
4 0.346875 0.115625 0.02109375 0.1234375