5 0.43359375 0.77890625 0.0359375 0.0625
3 0.3453125 0.775 0.02890625 0.04765625
2 0.34296875 0.690625 0.03359375 0.05234375
0 0.38125 0.68671875 0.015625 0.0625
4 0.4359375 0.675 0.0390625 0.115625
1 0.37109375 0.6203125 0.0453125 0.03984375
5 0.42734375 0.3765625 0.03515625 0.06953125
6 0.3859375 0.39921875 0.03046875 0.05625
3 0.33515625 0.3640625 0.02890625 0.05
2 0.33046875 0.28515625 0.0390625 0.06953125
1 0.36796875 0.2390625 0.046875 0.03203125
0 0.3796875 0.30390625 0.0171875 0.06484375
5 0.43046875 0.03359375 0.0328125 0.0625
3 0.34921875 0.0265625 0.025 0.04765625
6 0.38359375 0.04453125 0.02734375 0.0375