5 0.43828125 0.32265625 0.03203125 0.06171875
5 0.44296875 0.7015625 0.03203125 0.05546875
4 0.44453125 0.61171875 0.02578125 0.1
4 0.38359375 0.2 0.04140625 0.0296875
1 0.3890625 0.56171875 0.04453125 0.0421875
0 0.39609375 0.26171875 0.01328125 0.06640625
2 0.3515625 0.2359375 0.03125 0.07421875
3 0.3546875 0.3125 0.02734375 0.053125
6 0.403125 0.3421875 0.02890625 0.053125
6 0.36171875 0.6171875 0.0203125 0.053125
0 0.39765625 0.6203125 0.0140625 0.06484375
3 0.3671875 0.69375 0.02421875 0.0453125
5 0.4359375 0.021875 0.03515625 0.04296875
6 0.39296875 0.02265625 0.0234375 0.0453125
3 0.3640625 0.009375 0.02421875 0.01796875