5 0.4671875 0.8375 0.0359375 0.06171875
6 0.42734375 0.8671875 0.02421875 0.0328125
3 0.37265625 0.82421875 0.02578125 0.03828125
2 0.36640625 0.759375 0.03203125 0.046875
0 0.41796875 0.7578125 0.0125 0.05625
1 0.40625 0.69140625 0.04765625 0.02734375
5 0.46875 0.475 0.034375 0.0578125
6 0.4203125 0.49453125 0.02578125 0.0390625
3 0.38359375 0.46328125 0.021875 0.0390625
0 0.42421875 0.40234375 0.01171875 0.0578125
1 0.41171875 0.353125 0.0453125 0.025
4 0.490625 0.3703125 0.034375 0.09765625
5 0.46875 0.115625 0.0328125 0.06171875
6 0.428125 0.14609375 0.025 0.03671875
3 0.38515625 0.1046875 0.0234375 0.04375
0 0.42421875 0.05390625 0.0125 0.05859375
4 0.38046875 0.02265625 0.01953125 0.04453125
2 0.4703125 0.0359375 0.0265625 0.06796875