4 0.48515625 0.8234375 0.02578125 0.10078125
5 0.48046875 0.91328125 0.03359375 0.05703125
3 0.39609375 0.90625 0.025 0.04609375
2 0.39453125 0.8390625 0.0265625 0.046875
0 0.43125 0.821875 0.01171875 0.0578125
1 0.4203125 0.7625 0.04375 0.034375
5 0.47421875 0.5265625 0.03125 0.0578125
6 0.43671875 0.54765625 0.025 0.03515625
3 0.38515625 0.51171875 0.02421875 0.040625
0 0.42890625 0.4546875 0.01015625 0.053125
2 0.3796875 0.4390625 0.0265625 0.05234375
1 0.4171875 0.39453125 0.0453125 0.03125
5 0.47734375 0.1953125 0.03203125 0.05625
6 0.43203125 0.2078125 0.02421875 0.03359375
3 0.3984375 0.18515625 0.02109375 0.03984375
0 0.43515625 0.12890625 0.0109375 0.0515625
1 0.425 0.0859375 0.04375 0.0265625
4 0.5 0.0765625 0.02734375 0.10078125