5 0.43046875 0.6546875 0.03203125 0.059375
5 0.42734375 0.32265625 0.0375 0.05390625
1 0.37734375 0.21640625 0.04375 0.028125
1 0.378125 0.5234375 0.04375 0.03046875
1 0.38046875 0.9015625 0.046875 0.03046875
0 0.38984375 0.95546875 0.0203125 0.06640625
0 0.3859375 0.584375 0.015625 0.05703125
0 0.3875 0.259375 0.01171875 0.05703125
3 0.3546875 0.315625 0.02265625 0.046875
3 0.3453125 0.64296875 0.03125 0.04453125
6 0.403125 0.0125 0.03203125 0.025
6 0.384375 0.34296875 0.0265625 0.04140625
6 0.39140625 0.67890625 0.025 0.03359375
2 0.3421875 0.57421875 0.03828125 0.040625
2 0.353125 0.9703125 0.02578125 0.059375
4 0.43515625 0.9578125 0.0265625 0.084375
4 0.44375 0.22109375 0.0328125 0.1