4 0.44921875 0.76015625 0.03828125 0.09921875
5 0.434375 0.8484375 0.03125 0.05625
6 0.390625 0.875 0.021875 0.03203125
3 0.3578125 0.840625 0.02109375 0.03828125
0 0.39296875 0.78046875 0.0125 0.0484375
1 0.38203125 0.7375 0.04296875 0.02421875
6 0.40703125 0.51875 0.02421875 0.03671875
5 0.4453125 0.4859375 0.02890625 0.05
3 0.36953125 0.47421875 0.01953125 0.03515625
4 0.36328125 0.390625 0.021875 0.09453125
0 0.403125 0.428125 0.00859375 0.046875
2 0.44609375 0.41796875 0.0234375 0.04921875
5 0.43828125 0.1421875 0.03203125 0.0578125
6 0.39296875 0.1640625 0.02265625 0.03359375
3 0.359375 0.140625 0.0203125 0.03828125
2 0.36015625 0.046875 0.0265625 0.05390625
0 0.39375 0.0734375 0.0125 0.053125
4 0.45234375 0.04140625 0.021875 0.08203125
1 0.3828125 0.021875 0.04140625 0.02421875