5 0.446875 0.76484375 0.03203125 0.05390625
4 0.45 0.67421875 0.0203125 0.09453125
1 0.38984375 0.621875 0.04296875 0.03125
0 0.4 0.6796875 0.0109375 0.0546875
2 0.36328125 0.68828125 0.02578125 0.04453125
3 0.36640625 0.759375 0.0234375 0.040625
5 0.44140625 0.38046875 0.03125 0.0578125
6 0.4046875 0.396875 0.0234375 0.0421875
3 0.35625 0.365625 0.0234375 0.04140625
0 0.3984375 0.3125 0.01015625 0.04921875
2 0.353125 0.2921875 0.03203125 0.05859375
1 0.3859375 0.2515625 0.04453125 0.03046875
5 0.43984375 0.05625 0.03046875 0.05390625
6 0.39609375 0.06484375 0.01953125 0.03203125
3 0.36484375 0.0484375 0.02109375 0.040625