5 0.4609375 0.10390625 0.03203125 0.0546875
3 0.38359375 0.0953125 0.0234375 0.04609375
6 0.41640625 0.11875 0.02421875 0.04140625
3 0.3765625 0.428125 0.028125 0.0453125
6 0.42421875 0.46171875 0.0296875 0.0421875
5 0.46484375 0.4421875 0.034375 0.06484375
2 0.3734375 0.35390625 0.03984375 0.065625
1 0.40859375 0.31015625 0.04375 0.03671875
0 0.4203125 0.36484375 0.01015625 0.05
5 0.4703125 0.83984375 0.034375 0.0609375
4 0.471875 0.753125 0.0328125 0.10546875
2 0.38515625 0.76171875 0.0328125 0.0578125
0 0.42265625 0.75234375 0.01640625 0.05859375
1 0.41015625 0.69375 0.04296875 0.0375
3 0.38828125 0.83515625 0.0234375 0.046875
0 0.41796875 0.04453125 0.015625 0.06484375
1 0.41015625 0.0078125 0.04921875 0.015625
4 0.47421875 0.028125 0.0359375 0.05625