4 0.44140625 0.6125 0.02578125 0.11015625
5 0.43359375 0.72578125 0.03359375 0.0609375
3 0.3453125 0.7203125 0.02578125 0.04296875
2 0.34453125 0.63125 0.02734375 0.05703125
0 0.38125 0.63203125 0.01171875 0.0546875
1 0.36875 0.56875 0.04453125 0.0375
5 0.42734375 0.3234375 0.03359375 0.0625
6 0.3875 0.34140625 0.02734375 0.0421875
3 0.33515625 0.30859375 0.025 0.0453125
0 0.38125 0.2515625 0.0140625 0.0515625
2 0.33125 0.22265625 0.02890625 0.06015625
1 0.36875 0.1890625 0.0453125 0.02890625
1 0.35703125 0.96640625 0.0484375 0.0296875
5 0.43203125 0.01328125 0.0390625 0.0265625
6 0.38203125 0.0203125 0.03046875 0.03984375
3 0.3484375 0.003125 0.02265625 0.00625