2 0.33203125 0.52890625 0.03515625 0.05234375
1 0.36640625 0.4796875 0.0421875 0.028125
0 0.3796875 0.54296875 0.01015625 0.05546875
3 0.33515625 0.60390625 0.0265625 0.04140625
6 0.38515625 0.64140625 0.02890625 0.03984375
5 0.425 0.61484375 0.03359375 0.065625
5 0.43125 0.98984375 0.03515625 0.0203125
3 0.346875 0.9921875 0.028125 0.015625
2 0.34375 0.94140625 0.0328125 0.053125
0 0.38046875 0.91875 0.015625 0.0609375
1 0.3703125 0.85859375 0.0421875 0.0328125
4 0.434375 0.92265625 0.03359375 0.10703125
5 0.428125 0.27734375 0.03125 0.05546875
6 0.38125 0.2953125 0.02421875 0.04296875
3 0.34765625 0.26484375 0.02265625 0.04296875
0 0.38515625 0.20859375 0.0125 0.05390625
1 0.37421875 0.1640625 0.0421875 0.02734375
4 0.4484375 0.159375 0.03515625 0.11875