5 0.45625 0.84765625 0.03203125 0.05546875
6 0.41953125 0.87421875 0.021875 0.0296875
3 0.37109375 0.8359375 0.0234375 0.034375
2 0.365625 0.77734375 0.02890625 0.0421875
0 0.41171875 0.77578125 0.01171875 0.05078125
1 0.40078125 0.715625 0.04375 0.025
5 0.45703125 0.5203125 0.03046875 0.05234375
6 0.4140625 0.53828125 0.0234375 0.03515625
3 0.38046875 0.509375 0.01953125 0.03515625
0 0.4171875 0.4546875 0.0109375 0.05234375
1 0.40625 0.41015625 0.04140625 0.02265625
4 0.47734375 0.42578125 0.03125 0.08828125
5 0.4578125 0.19609375 0.0296875 0.05625
6 0.42109375 0.2234375 0.02265625 0.0328125
3 0.38203125 0.18671875 0.02109375 0.0390625
0 0.4171875 0.140625 0.0109375 0.053125
4 0.378125 0.078125 0.01875 0.109375
2 0.45859375 0.12421875 0.02421875 0.06171875