5 0.45390625 0.36484375 0.034375 0.0609375
4 0.46015625 0.23984375 0.028125 0.11796875
4 0.4546875 0.63515625 0.03359375 0.11171875
5 0.4375 0.7421875 0.034375 0.06484375
1 0.38359375 0.58828125 0.04765625 0.03828125
1 0.3953125 0.2234375 0.04609375 0.04296875
0 0.4046875 0.2859375 0.0125 0.0546875
0 0.39296875 0.6546875 0.01875 0.0625
3 0.34921875 0.7234375 0.028125 0.05078125
3 0.3703125 0.3609375 0.0296875 0.04375
2 0.3671875 0.275 0.03046875 0.08125
2 0.35390625 0.6328125 0.0421875 0.07421875
6 0.38359375 0.765625 0.028125 0.03828125
5 0.44765625 0.01328125 0.03671875 0.0265625
6 0.40703125 0.0171875 0.0234375 0.034375
3 0.35703125 0.00546875 0.0265625 0.0109375