5 0.4390625 0.6671875 0.0328125 0.0609375
5 0.43515625 0.32734375 0.03828125 0.05546875
1 0.384375 0.21875 0.04453125 0.028125
1 0.38515625 0.5328125 0.04453125 0.03125
1 0.3875 0.91875 0.04765625 0.03125
0 0.396875 0.9703125 0.02109375 0.059375
0 0.39296875 0.59453125 0.015625 0.05859375
0 0.39453125 0.26171875 0.01171875 0.05859375
3 0.3609375 0.31953125 0.0234375 0.0484375
3 0.3515625 0.6546875 0.03203125 0.0453125
6 0.4109375 0.01171875 0.0328125 0.02265625
6 0.39140625 0.34765625 0.02734375 0.04296875
6 0.3984375 0.69140625 0.02578125 0.034375
2 0.3484375 0.584375 0.0390625 0.04140625
2 0.35859375 0.97890625 0.0265625 0.0421875
4 0.44453125 0.9671875 0.02734375 0.065625
4 0.45234375 0.22265625 0.03359375 0.10234375