5 0.4890625 0.79296875 0.03515625 0.05859375
3 0.4046875 0.78828125 0.0265625 0.0453125
2 0.4 0.71171875 0.0265625 0.0453125
0 0.43984375 0.70078125 0.0125 0.0578125
1 0.428125 0.63984375 0.0453125 0.0375
4 0.49453125 0.696875 0.02421875 0.10078125
5 0.48359375 0.38046875 0.034375 0.05859375
6 0.44375 0.4 0.025 0.03984375
3 0.39140625 0.36484375 0.02578125 0.0421875
0 0.43671875 0.30546875 0.01171875 0.0546875
2 0.38671875 0.2796875 0.03046875 0.04921875
1 0.42421875 0.24140625 0.0453125 0.0296875
5 0.48046875 0.028125 0.03125 0.05625
6 0.43359375 0.040625 0.02265625 0.0390625
3 0.4 0.02109375 0.02109375 0.0421875