5 0.4265625 0.62109375 0.0359375 0.06484375
6 0.3703125 0.64609375 0.0234375 0.04296875
4 0.4453125 0.5078125 0.0296875 0.09921875
0 0.38046875 0.528125 0.01171875 0.05859375
1 0.36953125 0.46328125 0.0484375 0.03046875
2 0.3375 0.50546875 0.0375 0.06796875
3 0.3328125 0.60390625 0.03046875 0.0453125
4 0.4484375 0.0984375 0.02734375 0.12578125
5 0.4421875 0.234375 0.0359375 0.06484375
0 0.39140625 0.153125 0.0125 0.05546875
1 0.38046875 0.08828125 0.04453125 0.0328125
2 0.3515625 0.13515625 0.03125 0.07734375
3 0.3546875 0.22734375 0.0296875 0.0484375