5 0.48203125 0.28671875 0.03203125 0.0578125
6 0.4359375 0.30234375 0.02421875 0.04296875
3 0.4015625 0.27421875 0.025 0.046875
0 0.4390625 0.21796875 0.0140625 0.05546875
1 0.4296875 0.17265625 0.04296875 0.02734375
4 0.50390625 0.1703125 0.03515625 0.10859375
5 0.4796875 0.62265625 0.03125 0.06015625
6 0.440625 0.64609375 0.02890625 0.0421875
3 0.390625 0.61171875 0.02421875 0.0421875
2 0.38828125 0.54140625 0.0390625 0.05703125
1 0.42421875 0.4875 0.05 0.028125
0 0.43359375 0.553125 0.01328125 0.065625
1 0.42421875 0.86484375 0.046875 0.040625
0 0.4390625 0.92578125 0.01484375 0.059375
4 0.49296875 0.9359375 0.03203125 0.1203125
2 0.39921875 0.94140625 0.03203125 0.07421875