5 0.45234375 0.2375 0.0296875 0.05390625
2 0.45234375 0.16796875 0.03046875 0.06875
0 0.41015625 0.18203125 0.0125 0.0578125
6 0.41484375 0.26484375 0.02578125 0.03671875
3 0.3765625 0.228125 0.02265625 0.04609375
4 0.37109375 0.1265625 0.0265625 0.13125
4 0.45625 0.49609375 0.0359375 0.1
5 0.43984375 0.59375 0.03046875 0.053125
6 0.39609375 0.61484375 0.02578125 0.03359375
3 0.36484375 0.5859375 0.0234375 0.03828125
0 0.3984375 0.52890625 0.0125 0.0484375
1 0.3890625 0.48671875 0.0421875 0.028125
5 0.44375 0.93828125 0.03125 0.05703125
6 0.4078125 0.96484375 0.02890625 0.03984375
3 0.35703125 0.928125 0.02421875 0.03828125
1 0.3859375 0.80234375 0.040625 0.028125
0 0.39921875 0.8625 0.0125 0.059375
2 0.35546875 0.865625 0.040625 0.059375