2 0.44609375 0.93984375 0.0234375 0.05703125
5 0.44453125 0.9859375 0.0296875 0.028125
0 0.403125 0.93515625 0.0109375 0.05234375
3 0.3671875 0.9875 0.01953125 0.025
4 0.36015625 0.934375 0.01796875 0.0984375
5 0.4359375 0.64609375 0.03203125 0.05390625
6 0.3890625 0.675 0.021875 0.0265625
3 0.35625 0.6453125 0.02421875 0.03671875
2 0.35546875 0.565625 0.0265625 0.04296875
0 0.39140625 0.575 0.01484375 0.04921875
4 0.446875 0.56015625 0.021875 0.09140625
1 0.37734375 0.5203125 0.0421875 0.02421875