5 0.47265625 0.39140625 0.0359375 0.06328125
5 0.45703125 0.753125 0.034375 0.06328125
1 0.4140625 0.25390625 0.03984375 0.03828125
1 0.40546875 0.603125 0.040625 0.0375
0 0.42578125 0.31171875 0.01328125 0.05234375
0 0.4140625 0.66640625 0.01484375 0.05546875
2 0.37734375 0.65546875 0.0390625 0.07890625
2 0.39140625 0.30546875 0.028125 0.071875
3 0.39296875 0.38671875 0.025 0.04453125
3 0.371875 0.7375 0.03046875 0.04609375
6 0.40546875 0.77578125 0.025 0.0359375
4 0.4765625 0.271875 0.02890625 0.11875
4 0.47421875 0.65234375 0.03203125 0.11015625
3 0.3828125 0.03359375 0.028125 0.053125
6 0.42734375 0.053125 0.03125 0.04296875
5 0.46328125 0.04296875 0.0375 0.0609375