0 0.4296875 0.44609375 0.01015625 0.04453125
1 0.41953125 0.38828125 0.040625 0.021875
4 0.4890625 0.42421875 0.02578125 0.09609375
5 0.471875 0.52890625 0.0328125 0.0546875
6 0.42109375 0.54609375 0.0203125 0.034375
3 0.3875 0.5140625 0.02265625 0.03671875
2 0.39296875 0.42109375 0.03046875 0.05
5 0.48515625 0.18125 0.03125 0.05390625
3 0.40703125 0.17578125 0.0234375 0.040625
0 0.4390625 0.109375 0.01015625 0.04375
1 0.428125 0.05078125 0.03671875 0.02734375
2 0.4046875 0.08828125 0.025 0.0515625
4 0.490625 0.05390625 0.025 0.1078125