5 0.4671875 0.3703125 0.0328125 0.0578125
4 0.47265625 0.25078125 0.02734375 0.1125
4 0.46796875 0.62734375 0.03203125 0.10625
5 0.4515625 0.7296875 0.0328125 0.06171875
1 0.4 0.5828125 0.0453125 0.0359375
1 0.4109375 0.23515625 0.04375 0.04140625
0 0.4203125 0.29453125 0.0125 0.05234375
0 0.40859375 0.64609375 0.0171875 0.059375
3 0.3671875 0.71171875 0.0265625 0.0484375
3 0.3875 0.365625 0.02890625 0.0421875
2 0.384375 0.284375 0.0296875 0.07734375
2 0.371875 0.625 0.03984375 0.0703125
6 0.4 0.7515625 0.0265625 0.0359375
5 0.4609375 0.0234375 0.03515625 0.046875
6 0.4234375 0.03359375 0.0234375 0.04453125
3 0.375 0.01640625 0.025 0.0328125