5 0.47578125 0.734375 0.03359375 0.0578125
4 0.478125 0.634375 0.02265625 0.09765625
0 0.4265625 0.64453125 0.01171875 0.05546875
2 0.390625 0.65 0.0265625 0.04453125
1 0.415625 0.58359375 0.0421875 0.034375
3 0.39140625 0.73046875 0.02421875 0.040625
5 0.47109375 0.3484375 0.0328125 0.0578125
6 0.4328125 0.36640625 0.02734375 0.03828125
3 0.38203125 0.33359375 0.025 0.03984375
0 0.4265625 0.27734375 0.0125 0.05
2 0.378125 0.253125 0.02890625 0.05625
1 0.4140625 0.2171875 0.04296875 0.0296875
1 0.403125 0.96328125 0.04609375 0.0359375
5 0.47421875 0.02421875 0.03046875 0.0484375
6 0.42890625 0.0296875 0.021875 0.0296875
3 0.39609375 0.015625 0.0203125 0.03046875