5 0.44453125 0.26953125 0.03359375 0.0640625
5 0.4515625 0.64921875 0.0390625 0.06015625
4 0.45390625 0.53984375 0.03671875 0.11796875
4 0.45 0.9375 0.03828125 0.125
3 0.3671875 0.64375 0.0265625 0.04921875
3 0.3578125 0.25859375 0.0328125 0.0484375
2 0.3453125 0.92578125 0.0484375 0.06640625
2 0.36484375 0.55234375 0.034375 0.059375
2 0.35546875 0.17890625 0.034375 0.0765625
0 0.3875 0.93828125 0.015625 0.0640625
0 0.40078125 0.55625 0.01640625 0.06796875
0 0.4015625 0.2046875 0.0125 0.0640625
1 0.38359375 0.14609375 0.059375 0.034375
1 0.38984375 0.49609375 0.04609375 0.04765625
1 0.37890625 0.86796875 0.05 0.04296875
6 0.40546875 0.29140625 0.03203125 0.06640625