5 0.48125 0.82109375 0.0359375 0.0609375
4 0.48671875 0.7234375 0.02578125 0.10703125
3 0.39296875 0.8140625 0.02578125 0.05
2 0.390625 0.73671875 0.02890625 0.04765625
0 0.4296875 0.72421875 0.01171875 0.059375
1 0.41796875 0.6625 0.04609375 0.0359375
5 0.47421875 0.41484375 0.03359375 0.0609375
6 0.43359375 0.4328125 0.0265625 0.03984375
3 0.38125 0.39921875 0.02578125 0.04140625
2 0.3765625 0.3171875 0.0296875 0.05625
0 0.42734375 0.33984375 0.01171875 0.05546875
1 0.41484375 0.27578125 0.04453125 0.028125
5 0.478125 0.0671875 0.03359375 0.05859375
6 0.4296875 0.07890625 0.02265625 0.034375
3 0.3953125 0.05546875 0.02265625 0.04296875
0 0.43359375 0.01328125 0.01171875 0.02578125