0 0.3703125 0.5421875 0.01171875 0.05546875
5 0.4203125 0.634375 0.03359375 0.06015625
3 0.3328125 0.62890625 0.02578125 0.04140625
2 0.33125 0.5390625 0.0265625 0.0515625
4 0.425 0.521875 0.02578125 0.10390625
1 0.35859375 0.48203125 0.0453125 0.034375
5 0.41484375 0.24140625 0.0328125 0.0609375
6 0.37578125 0.2546875 0.02421875 0.0375
3 0.325 0.225 0.0265625 0.04296875
2 0.32265625 0.14609375 0.03203125 0.075
0 0.3703125 0.17109375 0.01171875 0.05078125
1 0.3578125 0.109375 0.0453125 0.03359375
4 0.41796875 0.94375 0.0265625 0.10859375
0 0.3546875 0.93984375 0.01484375 0.06171875
2 0.31015625 0.928125 0.034375 0.0546875
1 0.34296875 0.87265625 0.04765625 0.03359375