5 0.50390625 0.70234375 0.0359375 0.06484375
3 0.41640625 0.7 0.03046875 0.053125
2 0.415625 0.61015625 0.0296875 0.0546875
0 0.45234375 0.609375 0.0125 0.059375
4 0.51015625 0.596875 0.03203125 0.115625
1 0.44140625 0.5453125 0.04296875 0.0359375
5 0.4984375 0.30234375 0.0328125 0.06015625
2 0.40390625 0.20625 0.03515625 0.0703125
3 0.40703125 0.2875 0.028125 0.0484375
1 0.440625 0.16328125 0.046875 0.034375
0 0.45234375 0.22890625 0.0109375 0.059375
6 0.45703125 0.325 0.0328125 0.0546875
1 0.42890625 0.9421875 0.05390625 0.03984375
2 0.39765625 0.9859375 0.0359375 0.02734375