5 0.44765625 0.75703125 0.03125 0.05546875
6 0.4109375 0.7828125 0.02265625 0.03046875
3 0.3609375 0.74453125 0.02421875 0.03828125
2 0.35625 0.67890625 0.03046875 0.0453125
0 0.40390625 0.684375 0.01015625 0.05390625
1 0.39140625 0.62265625 0.04296875 0.02734375
5 0.45 0.4234375 0.0296875 0.053125
6 0.4046875 0.43984375 0.02265625 0.0296875
3 0.37109375 0.4125 0.0203125 0.0359375
0 0.40859375 0.35390625 0.01171875 0.04921875
1 0.396875 0.3109375 0.040625 0.0265625
4 0.47265625 0.31796875 0.0265625 0.0953125
5 0.45 0.08984375 0.0296875 0.053125
6 0.4125 0.11640625 0.02421875 0.0359375
3 0.371875 0.08046875 0.01953125 0.0390625
0 0.40859375 0.03359375 0.01015625 0.0484375
2 0.45 0.02421875 0.0234375 0.0484375