5 0.4765625 0.70234375 0.034375 0.0578125
3 0.39375 0.69765625 0.02578125 0.040625
2 0.39375 0.615625 0.028125 0.05
0 0.42890625 0.6140625 0.009375 0.0484375
4 0.4796875 0.60078125 0.02734375 0.10390625
1 0.4171875 0.55546875 0.03828125 0.03359375
5 0.47109375 0.33125 0.03203125 0.06015625
6 0.43125 0.34921875 0.02890625 0.03984375
3 0.38515625 0.31640625 0.02265625 0.046875
2 0.384375 0.24453125 0.034375 0.0703125
0 0.42890625 0.26796875 0.0109375 0.05546875
1 0.415625 0.20703125 0.03828125 0.02890625
6 0.375 0.97578125 0.03125 0.04140625
1 0.40703125 0.91796875 0.05234375 0.02734375
0 0.41328125 0.97421875 0.01328125 0.05078125
5 0.4734375 0.028125 0.034375 0.05625
6 0.43046875 0.03828125 0.02421875 0.05390625
3 0.40078125 0.0171875 0.02265625 0.034375
4 0.478125 0.96875 0.03359375 0.0625