5 0.48671875 0.71328125 0.034375 0.0578125
3 0.4046875 0.709375 0.02578125 0.040625
2 0.40390625 0.62734375 0.028125 0.05
0 0.4390625 0.625 0.009375 0.0484375
4 0.48984375 0.61171875 0.02734375 0.10390625
1 0.42734375 0.5671875 0.03828125 0.03359375
5 0.48125 0.34296875 0.03203125 0.06015625
6 0.4421875 0.3609375 0.02890625 0.03984375
3 0.39609375 0.328125 0.02265625 0.046875
2 0.39453125 0.25546875 0.034375 0.0703125
0 0.4390625 0.2796875 0.0109375 0.05546875
1 0.42578125 0.21796875 0.03828125 0.02890625
6 0.38515625 0.9828125 0.03125 0.034375
1 0.4171875 0.9296875 0.05234375 0.02734375
0 0.4234375 0.9796875 0.0125 0.040625
5 0.484375 0.03515625 0.034375 0.065625
6 0.440625 0.05 0.02421875 0.05390625
3 0.41171875 0.02578125 0.02265625 0.03984375
4 0.4890625 0.97421875 0.03359375 0.05078125