5 0.4265625 0.23671875 0.034375 0.05703125
2 0.4265625 0.16015625 0.034375 0.06796875
4 0.33515625 0.1125 0.02421875 0.13203125
3 0.34140625 0.22734375 0.021875 0.04609375
0 0.3796875 0.17734375 0.01328125 0.05546875
6 0.384375 0.26875 0.03125 0.03984375
4 0.43046875 0.525 0.04296875 0.109375
5 0.4140625 0.63125 0.03515625 0.06171875
1 0.3546875 0.5125 0.04296875 0.02890625
0 0.3671875 0.5578125 0.01484375 0.06015625
3 0.328125 0.62578125 0.02421875 0.0390625
6 0.36171875 0.65859375 0.02578125 0.0390625
1 0.35390625 0.86953125 0.0515625 0.0296875
0 0.36875 0.93125 0.0140625 0.07265625
2 0.32109375 0.9375 0.0328125 0.06328125
3 0.32265625 0.9921875 0.0296875 0.015625
5 0.4140625 0.9890625 0.03828125 0.021875