5 0.46171875 0.79296875 0.03203125 0.05390625
3 0.38203125 0.7890625 0.0234375 0.0453125
2 0.3796875 0.71953125 0.025 0.0453125
0 0.41484375 0.7078125 0.01015625 0.05234375
4 0.465625 0.70546875 0.0203125 0.09140625
1 0.403125 0.65234375 0.040625 0.03125
5 0.453125 0.4125 0.03203125 0.05546875
6 0.4171875 0.43125 0.021875 0.03515625
3 0.36953125 0.39765625 0.0234375 0.03984375
0 0.4109375 0.34453125 0.009375 0.04921875
2 0.36484375 0.32265625 0.028125 0.0515625
1 0.39921875 0.284375 0.04453125 0.02890625
5 0.4515625 0.090625 0.03125 0.0515625
6 0.4078125 0.1015625 0.02109375 0.03359375
3 0.3765625 0.08203125 0.01875 0.03828125
0 0.41171875 0.0328125 0.0109375 0.0515625