5 0.44921875 0.7234375 0.03046875 0.0609375
2 0.3578125 0.64140625 0.03828125 0.0546875
1 0.39140625 0.5859375 0.04453125 0.02890625
0 0.4046875 0.64765625 0.01171875 0.0609375
3 0.36015625 0.709375 0.02421875 0.040625
6 0.41015625 0.75 0.0296875 0.0421875
5 0.4515625 0.384375 0.0328125 0.06015625
6 0.4046875 0.40078125 0.02421875 0.04140625
0 0.409375 0.315625 0.0125 0.053125
1 0.39765625 0.26953125 0.04140625 0.0296875
3 0.371875 0.37109375 0.02109375 0.03828125
4 0.47421875 0.27265625 0.03515625 0.10625
5 0.45234375 0.04375 0.03359375 0.0609375
3 0.371875 0.03359375 0.02578125 0.05078125
6 0.41171875 0.0734375 0.03046875 0.04375
1 0.39765625 0.9671875 0.0453125 0.0421875
4 0.45859375 0.98984375 0.034375 0.0203125