5 0.490625 0.80234375 0.034375 0.0578125
3 0.40625 0.7984375 0.02578125 0.0484375
2 0.40390625 0.72421875 0.0265625 0.0484375
0 0.44140625 0.71171875 0.0109375 0.05625
4 0.49453125 0.70859375 0.02109375 0.096875
1 0.428125 0.65234375 0.04375 0.03359375
5 0.48203125 0.39609375 0.034375 0.05859375
6 0.44375 0.41640625 0.0234375 0.0375
3 0.39296875 0.38046875 0.025 0.0421875
0 0.4359375 0.3234375 0.01015625 0.05234375
2 0.3875 0.3 0.03046875 0.05546875
1 0.42421875 0.259375 0.04765625 0.03046875
5 0.4796875 0.05234375 0.0328125 0.0546875
6 0.43359375 0.0640625 0.02265625 0.03515625
3 0.4 0.04375 0.0203125 0.040625
0 0.4359375 0.00859375 0.0125 0.0171875