5 0.45 0.76015625 0.0328125 0.05546875
4 0.45390625 0.6671875 0.02109375 0.09765625
1 0.390625 0.6125 0.04453125 0.03203125
0 0.4015625 0.67265625 0.0109375 0.05625
2 0.36328125 0.68125 0.0265625 0.0453125
3 0.3671875 0.7546875 0.02421875 0.0421875
5 0.44453125 0.3640625 0.0328125 0.06015625
6 0.40625 0.38046875 0.02421875 0.04375
3 0.35625 0.3484375 0.02421875 0.04296875
0 0.4 0.29375 0.0109375 0.05078125
2 0.353125 0.27265625 0.0328125 0.06015625
1 0.3875 0.23125 0.04609375 0.03203125
5 0.44296875 0.02890625 0.03125 0.05546875
6 0.396875 0.03828125 0.0203125 0.0328125
3 0.365625 0.02109375 0.021875 0.04140625