4 0.45703125 0.809375 0.025 0.0984375
5 0.4515625 0.89765625 0.0328125 0.05546875
3 0.3703125 0.89140625 0.02421875 0.0453125
2 0.36796875 0.825 0.02578125 0.04609375
0 0.40390625 0.8078125 0.01171875 0.05625
1 0.39375 0.75 0.04296875 0.03359375
5 0.44609375 0.51875 0.03046875 0.05625
6 0.409375 0.53984375 0.025 0.034375
3 0.35859375 0.5046875 0.02421875 0.03984375
0 0.40234375 0.4484375 0.01015625 0.0515625
2 0.35390625 0.43359375 0.02578125 0.0515625
1 0.390625 0.3890625 0.04453125 0.03046875
5 0.44921875 0.19453125 0.03125 0.0546875
6 0.4046875 0.20625 0.0234375 0.0328125
3 0.37265625 0.184375 0.02109375 0.0390625
0 0.4078125 0.1296875 0.01015625 0.05
1 0.39765625 0.08671875 0.0421875 0.0265625
4 0.47109375 0.078125 0.0265625 0.0984375