5 0.4640625 0.99140625 0.034375 0.0171875
3 0.37109375 0.9921875 0.0234375 0.015625
2 0.36796875 0.94296875 0.03125 0.04765625
0 0.41796875 0.93515625 0.0125 0.05703125
1 0.40390625 0.8703125 0.04609375 0.028125
5 0.46484375 0.6609375 0.03203125 0.0578125
6 0.41875 0.68203125 0.025 0.02890625
3 0.38359375 0.65078125 0.0234375 0.0390625
0 0.42265625 0.5875 0.01484375 0.053125
1 0.4109375 0.5421875 0.04453125 0.02734375
4 0.4859375 0.5625 0.034375 0.09453125
5 0.46484375 0.31328125 0.0328125 0.05859375
6 0.425 0.34765625 0.0265625 0.02890625
3 0.38359375 0.30234375 0.021875 0.03984375
0 0.42109375 0.2546875 0.0109375 0.05390625
4 0.3796875 0.19609375 0.0203125 0.1140625
2 0.465625 0.23359375 0.025 0.05078125