5 0.42734375 0.4171875 0.0390625 0.06953125
5 0.41015625 0.81484375 0.03828125 0.06953125
1 0.36328125 0.265625 0.04375 0.04140625
1 0.35390625 0.65078125 0.0453125 0.04140625
0 0.37578125 0.32890625 0.0140625 0.0578125
0 0.3625 0.71953125 0.01640625 0.0609375
2 0.32265625 0.7078125 0.04296875 0.0875
2 0.3375 0.32265625 0.03125 0.0796875
3 0.33984375 0.41171875 0.028125 0.04921875
3 0.31640625 0.79765625 0.03359375 0.05078125
6 0.353125 0.840625 0.02734375 0.0390625
4 0.43203125 0.2859375 0.03203125 0.13046875
4 0.428125 0.7046875 0.03515625 0.12109375
3 0.328125 0.02578125 0.03125 0.0515625
6 0.37734375 0.0453125 0.034375 0.04765625
5 0.4171875 0.03359375 0.04140625 0.0671875