5 0.47109375 0.71875 0.03046875 0.0609375
2 0.38046875 0.63671875 0.03828125 0.0546875
1 0.41328125 0.58125 0.04453125 0.02890625
0 0.4265625 0.64375 0.01171875 0.0609375
3 0.38203125 0.70546875 0.02421875 0.040625
6 0.4328125 0.7453125 0.0296875 0.0421875
5 0.47421875 0.3796875 0.0328125 0.06015625
6 0.42734375 0.396875 0.02421875 0.04140625
0 0.43203125 0.31171875 0.0125 0.053125
1 0.41953125 0.265625 0.04140625 0.0296875
3 0.39453125 0.36640625 0.02109375 0.03828125
4 0.49609375 0.26875 0.03515625 0.10625
5 0.47421875 0.03984375 0.03359375 0.0609375
3 0.39453125 0.02890625 0.02578125 0.05078125
6 0.43359375 0.06875 0.03046875 0.04375
1 0.41953125 0.9625 0.0453125 0.0421875
4 0.48125 0.9875 0.034375 0.025