5 0.46015625 0.31796875 0.03125 0.0546875
6 0.41640625 0.3328125 0.02265625 0.040625
3 0.38359375 0.30546875 0.02421875 0.04453125
0 0.41953125 0.25234375 0.01328125 0.053125
1 0.41015625 0.20859375 0.04140625 0.02578125
4 0.48125 0.20703125 0.03359375 0.103125
5 0.4578125 0.6375 0.0296875 0.05703125
6 0.4203125 0.66015625 0.028125 0.03984375
3 0.37265625 0.62734375 0.0234375 0.03984375
2 0.37109375 0.56015625 0.03671875 0.05390625
1 0.4046875 0.509375 0.04765625 0.02734375
0 0.4140625 0.57109375 0.0125 0.0625
1 0.40546875 0.86796875 0.0453125 0.03828125
0 0.41953125 0.9265625 0.0140625 0.05703125
4 0.4703125 0.9359375 0.03046875 0.11484375
2 0.38125 0.94140625 0.03046875 0.0703125