2 0.4390625 0.7390625 0.02421875 0.04140625
5 0.43828125 0.8015625 0.03125 0.0515625
6 0.4 0.8375 0.02421875 0.03203125
3 0.36015625 0.79453125 0.01875 0.03828125
0 0.39609375 0.74140625 0.0109375 0.04921875
4 0.353125 0.72109375 0.01953125 0.0984375
4 0.43984375 0.359375 0.02421875 0.09296875
5 0.43046875 0.45234375 0.03125 0.0546875
6 0.384375 0.4765625 0.0234375 0.02890625
3 0.34921875 0.44921875 0.021875 0.03828125
0 0.38515625 0.37890625 0.0140625 0.0515625
2 0.3484375 0.3625 0.02421875 0.04765625
1 0.3734375 0.32734375 0.0421875 0.028125