2 0.453125 0.50703125 0.0265625 0.04765625
4 0.371875 0.4875 0.02421875 0.096875
0 0.41015625 0.51953125 0.01953125 0.05625
5 0.453125 0.57578125 0.03046875 0.05390625
6 0.41328125 0.61015625 0.0296875 0.03828125
3 0.37734375 0.5671875 0.0265625 0.04296875
1 0.4 0.79765625 0.03515625 0.028125
0 0.41328125 0.83984375 0.01484375 0.046875
4 0.47578125 0.82890625 0.03515625 0.10859375
5 0.4546875 0.91171875 0.0359375 0.0625
6 0.41015625 0.93359375 0.02421875 0.0359375
3 0.3796875 0.90390625 0.021875 0.04453125