5 0.48046875 0.3328125 0.0328125 0.05859375
6 0.43359375 0.3484375 0.02421875 0.04375
3 0.3984375 0.31953125 0.02578125 0.04765625
0 0.43671875 0.2625 0.0140625 0.05703125
1 0.42734375 0.215625 0.04453125 0.028125
4 0.503125 0.21328125 0.0359375 0.1109375
5 0.478125 0.6765625 0.03203125 0.0609375
6 0.43828125 0.70078125 0.0296875 0.04296875
3 0.38671875 0.665625 0.025 0.04296875
2 0.38515625 0.59296875 0.03984375 0.05859375
1 0.42109375 0.53828125 0.05078125 0.02890625
0 0.43125 0.6046875 0.01328125 0.0671875
1 0.421875 0.92421875 0.0484375 0.04140625
0 0.4359375 0.97734375 0.01484375 0.04453125
4 0.49140625 0.9671875 0.0328125 0.065625
2 0.3953125 0.98203125 0.0328125 0.0359375