5 0.49296875 0.2546875 0.03359375 0.05625
2 0.49296875 0.17890625 0.03359375 0.06640625
4 0.403125 0.1328125 0.0234375 0.1296875
3 0.409375 0.2453125 0.02109375 0.0453125
0 0.446875 0.19609375 0.01328125 0.05390625
6 0.4515625 0.28515625 0.03046875 0.0390625
4 0.496875 0.5359375 0.0421875 0.10703125
5 0.48046875 0.640625 0.034375 0.06015625
1 0.42265625 0.52421875 0.04140625 0.028125
0 0.434375 0.56875 0.01484375 0.059375
3 0.396875 0.63515625 0.0234375 0.03828125
6 0.4296875 0.6671875 0.025 0.03828125
1 0.421875 0.87421875 0.05 0.02890625
0 0.43671875 0.934375 0.01328125 0.07109375
2 0.38984375 0.940625 0.03203125 0.06171875
3 0.39140625 0.99296875 0.02890625 0.01328125
5 0.48046875 0.98984375 0.0375 0.01953125