2 0.48359375 0.36171875 0.03125 0.0609375
4 0.39609375 0.33203125 0.02890625 0.10859375
0 0.4390625 0.37734375 0.01171875 0.0609375
5 0.484375 0.4375 0.0328125 0.0578125
3 0.40234375 0.42890625 0.02265625 0.05
6 0.4421875 0.47265625 0.02890625 0.04921875
6 0.4375 0.81796875 0.02578125 0.0375
5 0.484375 0.790625 0.03359375 0.0625
4 0.50234375 0.69921875 0.0453125 0.109375
0 0.44140625 0.715625 0.01484375 0.05546875
1 0.4296875 0.66953125 0.04765625 0.028125
3 0.40234375 0.778125 0.02421875 0.05078125
1 0.4234375 0.99140625 0.04609375 0.01640625