5 0.46640625 0.61171875 0.03359375 0.0609375
6 0.4140625 0.63515625 0.021875 0.03984375
4 0.484375 0.50546875 0.028125 0.09296875
0 0.4234375 0.52421875 0.0109375 0.0546875
1 0.41328125 0.46484375 0.0453125 0.028125
2 0.3828125 0.503125 0.03515625 0.06328125
3 0.378125 0.5953125 0.028125 0.0421875
4 0.48671875 0.1234375 0.02578125 0.1171875
5 0.48125 0.25 0.03359375 0.06015625
0 0.43359375 0.17421875 0.01171875 0.0515625
1 0.4234375 0.1140625 0.04140625 0.03046875
2 0.396875 0.1578125 0.0296875 0.07265625
3 0.39921875 0.24375 0.028125 0.0453125