5 0.3953125 0.75390625 0.03203125 0.0609375
6 0.35546875 0.78046875 0.02421875 0.03203125
3 0.30546875 0.73828125 0.025 0.04140625
2 0.29921875 0.6703125 0.03046875 0.046875
0 0.35078125 0.6765625 0.01015625 0.0578125
1 0.3375 0.6109375 0.04453125 0.02890625
5 0.3953125 0.39453125 0.0328125 0.05703125
6 0.34765625 0.41328125 0.02109375 0.0375
3 0.31328125 0.384375 0.021875 0.040625
0 0.35234375 0.3265625 0.0125 0.05078125
1 0.34140625 0.28125 0.0453125 0.028125
4 0.415625 0.2828125 0.02890625 0.10078125
5 0.41015625 0.02421875 0.0328125 0.0484375
6 0.3703125 0.0453125 0.025 0.040625
3 0.32890625 0.01484375 0.0234375 0.0296875