5 0.46640625 0.2734375 0.03203125 0.06171875
5 0.47265625 0.6375 0.0375 0.0578125
4 0.475 0.5328125 0.03515625 0.11328125
4 0.471875 0.91484375 0.03671875 0.11875
3 0.3921875 0.63203125 0.025 0.046875
3 0.38359375 0.26328125 0.03125 0.04609375
2 0.371875 0.90234375 0.04609375 0.06328125
2 0.38984375 0.54453125 0.0328125 0.05703125
2 0.38125 0.18671875 0.0328125 0.0734375
0 0.41171875 0.91484375 0.01484375 0.06171875
0 0.42421875 0.5484375 0.015625 0.06484375
0 0.42578125 0.21171875 0.01171875 0.06171875
1 0.4078125 0.15546875 0.05703125 0.0328125
1 0.4140625 0.490625 0.04375 0.04609375
1 0.403125 0.846875 0.04765625 0.04140625
6 0.42890625 0.29453125 0.03125 0.06328125
3 0.36796875 0.98359375 0.0265625 0.0328125
5 0.45234375 0.98671875 0.0328125 0.0265625