5 0.45546875 0.27734375 0.03046875 0.0515625
2 0.45625 0.2078125 0.03125 0.06171875
4 0.3734375 0.165625 0.021875 0.11875
3 0.37890625 0.26796875 0.01953125 0.0421875
0 0.41328125 0.2234375 0.01171875 0.05
6 0.41796875 0.30546875 0.028125 0.0359375
4 0.459375 0.5359375 0.0390625 0.0984375
5 0.44453125 0.63203125 0.03203125 0.05546875
1 0.39140625 0.525 0.03828125 0.02578125
0 0.40234375 0.565625 0.0140625 0.0546875
3 0.3671875 0.62734375 0.021875 0.03515625
6 0.39765625 0.65703125 0.02265625 0.03515625
1 0.390625 0.846875 0.04609375 0.0265625
0 0.40390625 0.90234375 0.0125 0.065625
2 0.3609375 0.9078125 0.0296875 0.05703125
3 0.3625 0.9671875 0.0265625 0.034375
5 0.44453125 0.971875 0.034375 0.05546875