5 0.46640625 0.709375 0.03359375 0.06171875
3 0.3859375 0.69765625 0.02265625 0.04453125
6 0.41953125 0.73203125 0.028125 0.03359375
0 0.42421875 0.63515625 0.01484375 0.05546875
1 0.4125 0.58828125 0.05078125 0.03359375
4 0.48828125 0.6109375 0.0359375 0.10859375
0 0.421875 0.29140625 0.01328125 0.04921875
2 0.46875 0.28359375 0.02890625 0.06171875
5 0.46640625 0.35625 0.03203125 0.0578125
6 0.425 0.390625 0.02578125 0.03984375
3 0.3859375 0.34453125 0.025 0.04921875
4 0.37890625 0.24375 0.02578125 0.11484375
1 0.40703125 0.91796875 0.053125 0.0328125
0 0.41953125 0.9765625 0.01796875 0.04609375
2 0.36953125 0.978125 0.0375 0.04296875