5 0.45234375 0.20234375 0.03203125 0.0546875
2 0.453125 0.12421875 0.02890625 0.05390625
0 0.4109375 0.1484375 0.0109375 0.053125
6 0.41484375 0.23203125 0.02578125 0.0375
3 0.3765625 0.19375 0.02265625 0.04765625
4 0.371875 0.084375 0.02578125 0.13046875
4 0.45390625 0.46640625 0.04140625 0.1078125
1 0.38828125 0.4515625 0.03984375 0.0265625
0 0.3984375 0.49453125 0.01328125 0.0515625
3 0.36484375 0.5515625 0.02265625 0.03671875
6 0.3953125 0.578125 0.0234375 0.03046875
5 0.440625 0.5609375 0.0296875 0.05625
5 0.44296875 0.90390625 0.03203125 0.059375
3 0.35625 0.89296875 0.02265625 0.03828125
1 0.38671875 0.76796875 0.04375 0.02578125
0 0.39921875 0.82734375 0.0109375 0.059375
2 0.35234375 0.83046875 0.04140625 0.0625
6 0.40546875 0.93046875 0.028125 0.0390625