5 0.45078125 0.68203125 0.0328125 0.053125
3 0.3703125 0.67734375 0.025 0.0390625
2 0.36796875 0.60078125 0.0296875 0.04609375
0 0.40390625 0.596875 0.01484375 0.0515625
1 0.3921875 0.5421875 0.04140625 0.03359375
4 0.453125 0.58984375 0.02890625 0.1015625
5 0.44375 0.30078125 0.0328125 0.05859375
6 0.40703125 0.32109375 0.0296875 0.04765625
3 0.359375 0.28984375 0.0296875 0.04375
0 0.40078125 0.2359375 0.0140625 0.05859375
1 0.39140625 0.17734375 0.04609375 0.028125
2 0.35703125 0.21640625 0.0359375 0.0703125