5 0.4078125 0.87265625 0.03671875 0.065625
6 0.35078125 0.89609375 0.02578125 0.03359375
3 0.31484375 0.853125 0.028125 0.04140625
2 0.3171875 0.75390625 0.0328125 0.0546875
0 0.36171875 0.77109375 0.01484375 0.0578125
1 0.35078125 0.7109375 0.04765625 0.0328125
4 0.42734375 0.76484375 0.025 0.1078125
3 0.3375 0.46875 0.025 0.0421875
6 0.334375 0.371875 0.02734375 0.05625
0 0.3734375 0.38515625 0.01171875 0.053125
1 0.36171875 0.325 0.0453125 0.0328125
4 0.43125 0.34921875 0.0234375 0.1109375
5 0.425 0.47421875 0.03359375 0.0609375
5 0.4171875 0.08671875 0.0328125 0.06015625
6 0.378125 0.09765625 0.02421875 0.0421875
3 0.32578125 0.0734375 0.025 0.04765625
0 0.3703125 0.02265625 0.0125 0.0453125