5 0.47421875 0.3625 0.03359375 0.05859375
4 0.48046875 0.240625 0.02734375 0.1140625
4 0.47578125 0.62421875 0.03203125 0.1078125
5 0.45859375 0.72734375 0.03359375 0.0625
1 0.40625 0.578125 0.04609375 0.03671875
1 0.4171875 0.225 0.04453125 0.0421875
0 0.4265625 0.28515625 0.0125 0.053125
0 0.415625 0.64296875 0.01796875 0.0609375
3 0.37265625 0.709375 0.0265625 0.04921875
3 0.39375 0.3578125 0.02890625 0.04296875
2 0.38984375 0.275 0.0296875 0.07890625
2 0.37734375 0.621875 0.040625 0.071875
6 0.40625 0.75 0.02734375 0.03671875
5 0.46875 0.0171875 0.0359375 0.03359375
6 0.43046875 0.02109375 0.0234375 0.0421875
3 0.38203125 0.01015625 0.02578125 0.01953125