5 0.475 0.7265625 0.0328125 0.05859375
3 0.3953125 0.72421875 0.02734375 0.0484375
2 0.3953125 0.64296875 0.02734375 0.04921875
0 0.42890625 0.64296875 0.01171875 0.05390625
4 0.48125 0.63125 0.0296875 0.1046875
1 0.41875 0.584375 0.0390625 0.0328125
5 0.4703125 0.3640625 0.0296875 0.0546875
2 0.384375 0.2765625 0.03203125 0.0640625
3 0.3875 0.35 0.02578125 0.04453125
1 0.41796875 0.2375 0.04296875 0.03125
0 0.428125 0.296875 0.01015625 0.05390625
6 0.4328125 0.38359375 0.0296875 0.05
5 0.47265625 0.05859375 0.03125 0.05
3 0.4015625 0.05078125 0.02109375 0.04140625
6 0.43125 0.07109375 0.025 0.046875
1 0.4078125 0.94453125 0.04921875 0.0359375
2 0.37890625 0.9859375 0.0328125 0.028125