5 0.45859375 0.7765625 0.03203125 0.0546875
4 0.4640625 0.68671875 0.02265625 0.09375
3 0.37890625 0.771875 0.02265625 0.0390625
2 0.37734375 0.69921875 0.02265625 0.04140625
0 0.4125 0.68984375 0.01171875 0.05078125
1 0.40078125 0.63515625 0.0421875 0.03359375
5 0.453125 0.41015625 0.03046875 0.05625
6 0.415625 0.4296875 0.025 0.04296875
0 0.41015625 0.3453125 0.01171875 0.0484375
1 0.3984375 0.28671875 0.0421875 0.02734375
2 0.36328125 0.3203125 0.0265625 0.04921875
3 0.36796875 0.3953125 0.02265625 0.03671875
5 0.45625 0.09765625 0.0296875 0.0546875
6 0.4125 0.10625 0.02109375 0.028125
3 0.38203125 0.08984375 0.0203125 0.0375
0 0.4171875 0.0375 0.01015625 0.05