5 0.45625 0.86484375 0.03046875 0.05546875
6 0.41171875 0.88984375 0.02265625 0.03125
3 0.37890625 0.853125 0.0234375 0.04296875
0 0.415625 0.79296875 0.01171875 0.0546875
4 0.4796875 0.778125 0.02734375 0.09609375
1 0.40390625 0.74921875 0.04296875 0.0265625
6 0.41640625 0.5578125 0.02421875 0.03671875
5 0.4546875 0.5234375 0.0296875 0.0546875
2 0.45625 0.4546875 0.025 0.053125
3 0.37734375 0.5140625 0.0203125 0.03984375
0 0.41328125 0.465625 0.01015625 0.0515625
4 0.371875 0.42890625 0.021875 0.09453125