2 0.45390625 0.3921875 0.02890625 0.05703125
4 0.37265625 0.3640625 0.0265625 0.10078125
0 0.4125 0.40625 0.0109375 0.05703125
5 0.4546875 0.4625 0.03046875 0.05390625
3 0.37890625 0.4546875 0.02109375 0.046875
6 0.415625 0.4953125 0.0265625 0.0453125
6 0.4109375 0.81640625 0.0234375 0.03515625
5 0.45546875 0.79140625 0.03125 0.0578125
4 0.471875 0.70625 0.0421875 0.1015625
0 0.41484375 0.72109375 0.01328125 0.0515625
1 0.40390625 0.67890625 0.04375 0.02578125
3 0.378125 0.7796875 0.02265625 0.046875
1 0.3984375 0.98515625 0.04296875 0.02890625