5 0.4078125 0.9890625 0.034375 0.021875
4 0.40546875 0.9125 0.03203125 0.09921875
3 0.3234375 0.9859375 0.025 0.028125
2 0.31875 0.925 0.02421875 0.0546875
0 0.359375 0.9125 0.0109375 0.059375
1 0.346875 0.85234375 0.04765625 0.03671875
5 0.403125 0.59375 0.03359375 0.05703125
6 0.3625 0.61328125 0.02421875 0.03671875
3 0.31171875 0.5765625 0.02421875 0.0453125
0 0.35859375 0.51484375 0.0125 0.059375
2 0.3078125 0.50234375 0.0328125 0.0546875
1 0.3453125 0.45234375 0.04453125 0.03125
5 0.40234375 0.240625 0.034375 0.06328125
4 0.4234375 0.1140625 0.03046875 0.11015625
0 0.359375 0.17265625 0.01171875 0.05625
1 0.34921875 0.12578125 0.0453125 0.0296875
3 0.321875 0.23046875 0.02109375 0.04453125
6 0.35625 0.25546875 0.0265625 0.04296875