5 0.48359375 0.7671875 0.034375 0.05859375
4 0.4890625 0.671875 0.02421875 0.10078125
3 0.3984375 0.7625 0.02421875 0.0421875
2 0.39609375 0.68515625 0.02421875 0.04453125
0 0.43359375 0.675 0.0125 0.0546875
1 0.421875 0.61640625 0.0453125 0.0359375
5 0.47734375 0.37578125 0.03203125 0.06015625
6 0.4375 0.39609375 0.02734375 0.0453125
0 0.43203125 0.30703125 0.0125 0.05234375
1 0.41875 0.24375 0.04453125 0.02890625
2 0.38203125 0.2796875 0.028125 0.053125
3 0.38671875 0.36015625 0.0234375 0.03984375
5 0.48046875 0.04140625 0.03203125 0.0578125
6 0.43359375 0.0515625 0.02265625 0.0296875
3 0.4015625 0.03359375 0.021875 0.03984375