5 0.45390625 0.89453125 0.0296875 0.053125
6 0.41796875 0.9234375 0.0265625 0.03359375
3 0.36953125 0.884375 0.025 0.034375
2 0.36328125 0.828125 0.02734375 0.04296875
0 0.4109375 0.821875 0.01015625 0.05078125
1 0.39921875 0.7625 0.04375 0.02578125
5 0.45546875 0.5671875 0.0296875 0.05390625
6 0.4109375 0.5859375 0.02109375 0.0296875
3 0.37890625 0.55625 0.021875 0.034375
0 0.415625 0.50078125 0.0109375 0.05078125
1 0.4046875 0.45859375 0.040625 0.02421875
4 0.4765625 0.4734375 0.03359375 0.0875
6 0.41875 0.271875 0.02265625 0.03203125
5 0.45546875 0.24296875 0.03046875 0.05625
2 0.45625 0.16953125 0.02421875 0.053125
3 0.37890625 0.23359375 0.0203125 0.03984375
0 0.41484375 0.18828125 0.009375 0.046875
4 0.375 0.12890625 0.01953125 0.11640625