5 0.4796875 0.3828125 0.0359375 0.0640625
5 0.4640625 0.75 0.03515625 0.06484375
1 0.4203125 0.24296875 0.040625 0.03828125
1 0.4109375 0.5984375 0.04140625 0.03828125
0 0.43203125 0.30078125 0.01328125 0.05390625
0 0.41953125 0.66171875 0.01484375 0.05625
2 0.3828125 0.65078125 0.03984375 0.08046875
2 0.396875 0.2953125 0.02890625 0.0734375
3 0.3984375 0.37734375 0.02578125 0.0453125
3 0.37734375 0.734375 0.03046875 0.046875
6 0.4109375 0.7734375 0.025 0.0359375
4 0.48359375 0.2609375 0.0296875 0.1203125
4 0.48046875 0.64765625 0.03203125 0.11171875
3 0.38828125 0.02265625 0.02890625 0.0453125
6 0.43359375 0.0390625 0.03203125 0.04375
5 0.46953125 0.0296875 0.03828125 0.059375