5 0.446875 0.1515625 0.0296875 0.0546875
2 0.44765625 0.08046875 0.02734375 0.0671875
0 0.40625 0.1 0.01171875 0.05078125
6 0.41015625 0.18046875 0.02578125 0.0390625
3 0.371875 0.14453125 0.0265625 0.0515625
4 0.45234375 0.4046875 0.034375 0.1109375
5 0.434375 0.50859375 0.0296875 0.05234375
6 0.38984375 0.5265625 0.02265625 0.03203125
0 0.39375 0.4453125 0.0125 0.05078125
1 0.3828125 0.40234375 0.0421875 0.02421875
3 0.35703125 0.50078125 0.02109375 0.0375
1 0.38125 0.7171875 0.04296875 0.028125
5 0.4359375 0.84921875 0.03125 0.05703125
3 0.3515625 0.83828125 0.0265625 0.0421875
2 0.34921875 0.78046875 0.03984375 0.0546875
0 0.39296875 0.7765625 0.01484375 0.059375
4 0.3671875 0.0546875 0.02421875 0.10390625
6 0.396875 0.878125 0.02421875 0.02890625