5 0.43125 0.19140625 0.03359375 0.0578125
2 0.43203125 0.10859375 0.03046875 0.05703125
0 0.3875 0.134375 0.01171875 0.05625
6 0.39140625 0.22265625 0.02734375 0.03984375
3 0.35078125 0.18203125 0.0234375 0.05078125
4 0.3453125 0.0671875 0.028125 0.134375
4 0.4328125 0.471875 0.04375 0.1140625
1 0.3625 0.45625 0.0421875 0.028125
0 0.37421875 0.5015625 0.0140625 0.0546875
3 0.33828125 0.56171875 0.02421875 0.0390625
6 0.37109375 0.590625 0.025 0.03203125
5 0.41875 0.571875 0.03125 0.059375
5 0.42109375 0.93671875 0.03359375 0.0625
3 0.32890625 0.925 0.02421875 0.040625
1 0.36171875 0.7921875 0.046875 0.02734375
0 0.375 0.85546875 0.01171875 0.0625
2 0.325 0.8578125 0.04375 0.06640625
6 0.38125 0.96484375 0.03046875 0.04140625