5 0.4515625 0.75625 0.03125 0.053125
4 0.4546875 0.6671875 0.0203125 0.09375
1 0.39453125 0.61484375 0.0421875 0.03046875
0 0.4046875 0.671875 0.0109375 0.05390625
2 0.36796875 0.68046875 0.025 0.04375
3 0.371875 0.75078125 0.0234375 0.040625
5 0.44609375 0.3765625 0.03125 0.05703125
6 0.409375 0.3921875 0.0234375 0.04140625
3 0.36171875 0.36171875 0.0234375 0.040625
0 0.403125 0.309375 0.01015625 0.04921875
2 0.35859375 0.2890625 0.03125 0.0578125
1 0.39140625 0.24921875 0.04453125 0.03046875
5 0.44453125 0.05546875 0.03046875 0.053125
6 0.40078125 0.0640625 0.01953125 0.03125
3 0.3703125 0.0484375 0.0203125 0.03984375