5 0.45 0.18515625 0.03515625 0.0625
5 0.45390625 0.58359375 0.0375 0.07265625
5 0.4328125 0.978125 0.040625 0.04375
4 0.46015625 0.4671875 0.03046875 0.11484375
4 0.453125 0.89140625 0.0390625 0.1265625
1 0.37890625 0.8234375 0.0515625 0.04140625
1 0.390625 0.43203125 0.04921875 0.0296875
1 0.3921875 0.05234375 0.04921875 0.04609375
0 0.38671875 0.8921875 0.0171875 0.0734375
0 0.40390625 0.49140625 0.01640625 0.071875
0 0.403125 0.11796875 0.0109375 0.05859375
6 0.409375 0.20390625 0.02578125 0.05546875
2 0.36328125 0.48515625 0.03125 0.06640625
2 0.3546875 0.09609375 0.04140625 0.0890625
2 0.3421875 0.878125 0.04765625 0.07734375
3 0.3390625 0.96796875 0.03515625 0.05078125
3 0.3671875 0.575 0.0328125 0.05546875
3 0.359375 0.17421875 0.0328125 0.0515625