5 0.45390625 0.86640625 0.03125 0.05703125
6 0.4078125 0.89140625 0.02265625 0.03203125
3 0.37421875 0.8546875 0.02421875 0.04375
0 0.41171875 0.79296875 0.0125 0.05625
4 0.47734375 0.778125 0.028125 0.0984375
1 0.4 0.7484375 0.04375 0.02734375
6 0.41328125 0.553125 0.02421875 0.0375
5 0.45234375 0.51875 0.03046875 0.05625
2 0.453125 0.4484375 0.02578125 0.05390625
3 0.37265625 0.50859375 0.02109375 0.040625
0 0.41015625 0.45859375 0.01015625 0.05234375
4 0.3671875 0.421875 0.02265625 0.09609375