5 0.4484375 0.33046875 0.034375 0.06484375
5 0.453125 0.728125 0.034375 0.05859375
4 0.4546875 0.6328125 0.02734375 0.10546875
4 0.390625 0.2015625 0.04375 0.03125
1 0.396875 0.58125 0.046875 0.04453125
0 0.40390625 0.265625 0.0140625 0.06953125
2 0.35703125 0.23828125 0.0328125 0.07734375
3 0.36015625 0.31953125 0.02890625 0.05546875
6 0.4109375 0.35078125 0.03046875 0.05546875
6 0.36796875 0.6390625 0.02109375 0.05546875
0 0.40625 0.6421875 0.01484375 0.06796875
3 0.3734375 0.71953125 0.025 0.04765625
5 0.44453125 0.01796875 0.0359375 0.0359375
6 0.4015625 0.01953125 0.02421875 0.0390625
3 0.37109375 0.00546875 0.02578125 0.01015625