5 0.43828125 0.80703125 0.034375 0.0625
6 0.38359375 0.82890625 0.025 0.03203125
3 0.35 0.78828125 0.0265625 0.0390625
2 0.35234375 0.69453125 0.03125 0.05234375
0 0.39453125 0.7109375 0.0140625 0.0546875
1 0.384375 0.65390625 0.0453125 0.03125
4 0.45703125 0.7046875 0.02421875 0.1015625
3 0.371875 0.4234375 0.02421875 0.040625
6 0.36875 0.33203125 0.02578125 0.05390625
0 0.40625 0.34453125 0.0109375 0.05078125
1 0.39453125 0.2875 0.04296875 0.03125
4 0.4609375 0.31015625 0.02265625 0.10546875
5 0.4546875 0.42890625 0.03203125 0.05703125
5 0.446875 0.06171875 0.03125 0.05703125
6 0.41015625 0.07265625 0.02265625 0.03984375
3 0.3609375 0.04921875 0.02421875 0.0453125
0 0.403125 0.01171875 0.0125 0.0234375