5 0.475 0.84765625 0.0328125 0.0578125
3 0.3921875 0.84375 0.025 0.04375
2 0.390625 0.77265625 0.0265625 0.04453125
0 0.4265625 0.75859375 0.01015625 0.05390625
1 0.415625 0.70078125 0.04375 0.03203125
4 0.48125 0.759375 0.021875 0.1046875
5 0.46875 0.46953125 0.03046875 0.0578125
6 0.43203125 0.48828125 0.02578125 0.03203125
3 0.38125 0.45546875 0.02578125 0.040625
0 0.42421875 0.4 0.01171875 0.05234375
2 0.37578125 0.38046875 0.0296875 0.05234375
1 0.4125 0.33984375 0.0421875 0.028125
5 0.471875 0.14453125 0.03203125 0.05625
6 0.4265625 0.1546875 0.02109375 0.03125
3 0.39375 0.13515625 0.0203125 0.0390625
0 0.43125 0.078125 0.0109375 0.05078125
1 0.41953125 0.0359375 0.04140625 0.025
4 0.490625 0.0390625 0.034375 0.07734375