5 0.43984375 0.225 0.03828125 0.06484375
5 0.44375 0.625 0.0390625 0.06953125
4 0.4515625 0.515625 0.03828125 0.12421875
4 0.44375 0.93828125 0.0328125 0.1234375
2 0.3375 0.92265625 0.0421875 0.05859375
1 0.36640625 0.865625 0.05 0.034375
0 0.378125 0.9296875 0.01328125 0.06328125
3 0.3546875 0.61875 0.02890625 0.04609375
3 0.39296875 0.5296875 0.01171875 0.05390625
2 0.3546875 0.528125 0.03046875 0.05703125
1 0.3828125 0.4703125 0.0421875 0.0390625
6 0.39921875 0.24609375 0.02578125 0.0546875
6 0.34453125 0.13046875 0.0375 0.08359375
3 0.3453125 0.21015625 0.02578125 0.04375
0 0.3921875 0.15390625 0.009375 0.05859375
1 0.38125 0.09140625 0.0578125 0.03984375
3 0.3328125 0.99140625 0.03125 0.0171875