4 0.45546875 0.75859375 0.03984375 0.103125
5 0.440625 0.85 0.0328125 0.05859375
6 0.39453125 0.878125 0.0234375 0.03359375
3 0.36015625 0.8421875 0.02265625 0.03984375
0 0.39765625 0.7796875 0.0125 0.05
1 0.3859375 0.734375 0.04453125 0.02578125
6 0.41171875 0.50625 0.025 0.03828125
5 0.4515625 0.471875 0.03046875 0.0515625
3 0.37265625 0.46015625 0.0203125 0.03671875
4 0.365625 0.37265625 0.02265625 0.0984375
0 0.4078125 0.4125 0.00859375 0.0484375
2 0.453125 0.4015625 0.025 0.0515625
5 0.44453125 0.11328125 0.03359375 0.0609375
6 0.39765625 0.13671875 0.0234375 0.03515625
3 0.36171875 0.11171875 0.021875 0.03984375
2 0.3625 0.0203125 0.02734375 0.040625
0 0.3984375 0.0421875 0.01328125 0.05546875
4 0.4578125 0.025 0.021875 0.05