0 0.4109375 0.54609375 0.0109375 0.0515625
5 0.45703125 0.63046875 0.03125 0.05546875
3 0.37578125 0.625 0.02421875 0.0375
2 0.37421875 0.54296875 0.02421875 0.04765625
4 0.46171875 0.5265625 0.0234375 0.0953125
1 0.4 0.48984375 0.0421875 0.03125
5 0.45234375 0.26953125 0.03046875 0.05625
6 0.41640625 0.28125 0.021875 0.034375
3 0.36875 0.25390625 0.02421875 0.03984375
2 0.36640625 0.18125 0.0296875 0.06875
0 0.4109375 0.20390625 0.01015625 0.046875
1 0.39921875 0.1484375 0.0421875 0.03125
4 0.4546875 0.91484375 0.02421875 0.1
5 0.4390625 0.98828125 0.0328125 0.0234375
3 0.3515625 0.98125 0.02421875 0.03671875
0 0.396875 0.9109375 0.0140625 0.05625
2 0.35546875 0.9 0.03203125 0.05
1 0.3859375 0.84921875 0.04375 0.03046875