5 0.48984375 0.29296875 0.034375 0.0640625
5 0.47421875 0.6640625 0.034375 0.06484375
4 0.49296875 0.1640625 0.02890625 0.12421875
4 0.49140625 0.5578125 0.03046875 0.11171875
1 0.4296875 0.1515625 0.04375 0.0421875
1 0.41796875 0.51171875 0.04296875 0.0328125
0 0.44140625 0.21015625 0.0125 0.0546875
0 0.4296875 0.57578125 0.01640625 0.06171875
2 0.40234375 0.20078125 0.0296875 0.07890625
2 0.390625 0.55625 0.040625 0.06171875
3 0.384375 0.64765625 0.02421875 0.0453125
6 0.4203125 0.6859375 0.02578125 0.0390625
3 0.40546875 0.28515625 0.02734375 0.04296875