5 0.47890625 0.8453125 0.034375 0.05859375
4 0.48515625 0.7515625 0.025 0.103125
3 0.39375 0.83828125 0.025 0.0484375
2 0.39140625 0.7640625 0.028125 0.04609375
0 0.4296875 0.75234375 0.01171875 0.0578125
1 0.41875 0.6921875 0.04453125 0.03515625
5 0.47265625 0.453125 0.03203125 0.05859375
6 0.43359375 0.47109375 0.02578125 0.03828125
3 0.3828125 0.43828125 0.025 0.03984375
2 0.378125 0.359375 0.02890625 0.0546875
0 0.42734375 0.38046875 0.0109375 0.05390625
1 0.415625 0.31875 0.04296875 0.0265625
5 0.4765625 0.11796875 0.03203125 0.05625
6 0.42890625 0.1296875 0.02265625 0.03359375
3 0.396875 0.10703125 0.021875 0.04140625
1 0.4234375 0.00859375 0.04375 0.0171875
0 0.434375 0.05078125 0.01171875 0.05546875