5 0.43359375 0.81484375 0.0328125 0.06015625
6 0.3953125 0.84453125 0.0328125 0.0421875
3 0.34375 0.803125 0.02734375 0.04296875
2 0.3421875 0.734375 0.0375 0.059375
1 0.3765625 0.675 0.046875 0.02890625
0 0.3890625 0.73515625 0.01015625 0.059375
5 0.4359375 0.4671875 0.034375 0.059375
6 0.38828125 0.48671875 0.02578125 0.03828125
3 0.35390625 0.4546875 0.025 0.04140625
0 0.39296875 0.3953125 0.01328125 0.0515625
1 0.38203125 0.353125 0.04453125 0.02734375
4 0.45625 0.37109375 0.0390625 0.125
2 0.43828125 0.0359375 0.02578125 0.05625
5 0.4359375 0.11875 0.03203125 0.05859375
6 0.39765625 0.14921875 0.02890625 0.040625
0 0.39296875 0.0640625 0.01328125 0.0515625
3 0.35625 0.10859375 0.02265625 0.046875
4 0.3484375 0.03125 0.02890625 0.0625