2 0.446875 0.515625 0.02734375 0.04921875
4 0.36328125 0.49609375 0.025 0.09921875
0 0.40234375 0.528125 0.01953125 0.0578125
5 0.446875 0.58671875 0.03125 0.05625
6 0.40546875 0.62265625 0.03046875 0.03984375
3 0.36875 0.57734375 0.02734375 0.04453125
1 0.3921875 0.815625 0.03671875 0.0296875
0 0.40546875 0.85859375 0.01484375 0.0484375
4 0.4703125 0.84765625 0.03671875 0.11171875
5 0.4484375 0.93359375 0.0375 0.06484375
6 0.40234375 0.95625 0.025 0.03671875
3 0.37109375 0.925 0.02265625 0.0453125