5 0.44453125 0.1296875 0.03046875 0.05234375
3 0.3703125 0.121875 0.02265625 0.04375
6 0.4015625 0.14453125 0.02265625 0.03984375
3 0.3640625 0.440625 0.0265625 0.04296875
6 0.409375 0.47265625 0.028125 0.040625
5 0.4484375 0.4546875 0.0328125 0.0625
2 0.3609375 0.3703125 0.03828125 0.0625
1 0.39453125 0.328125 0.0421875 0.0359375
0 0.40546875 0.3796875 0.009375 0.0484375
5 0.45390625 0.83515625 0.0328125 0.05859375
4 0.45546875 0.75234375 0.03125 0.10078125
2 0.371875 0.7609375 0.03125 0.05546875
0 0.4078125 0.7515625 0.01640625 0.05625
1 0.3953125 0.6953125 0.04140625 0.0359375
3 0.375 0.83125 0.02265625 0.0453125
0 0.403125 0.07265625 0.01484375 0.0625
1 0.39609375 0.0296875 0.046875 0.03203125
4 0.45703125 0.0421875 0.034375 0.084375