5 0.46953125 0.315625 0.0328125 0.0609375
5 0.45390625 0.66875 0.0328125 0.06171875
4 0.471875 0.1921875 0.02734375 0.11796875
4 0.4703125 0.5671875 0.02890625 0.10625
1 0.41171875 0.18046875 0.04140625 0.03984375
1 0.40078125 0.52421875 0.040625 0.03125
0 0.4234375 0.23671875 0.01171875 0.05234375
0 0.41171875 0.58515625 0.015625 0.05859375
2 0.3859375 0.22734375 0.028125 0.075
2 0.375 0.56640625 0.03828125 0.05859375
3 0.36875 0.653125 0.0234375 0.04296875
6 0.40234375 0.68984375 0.025 0.03671875
3 0.3890625 0.3078125 0.02578125 0.040625