5 0.4609375 0.8375 0.03203125 0.05546875
3 0.38046875 0.83359375 0.02421875 0.0421875
2 0.37890625 0.76484375 0.02578125 0.04296875
0 0.4140625 0.75078125 0.01015625 0.05234375
1 0.403125 0.69453125 0.0421875 0.03125
4 0.4671875 0.7515625 0.02109375 0.1015625
5 0.4546875 0.4703125 0.02890625 0.05625
6 0.41875 0.48828125 0.025 0.03125
3 0.3703125 0.45703125 0.025 0.03984375
0 0.41171875 0.403125 0.01171875 0.05078125
2 0.36484375 0.384375 0.028125 0.05078125
1 0.4 0.34453125 0.04140625 0.0265625
5 0.4578125 0.15546875 0.03125 0.0546875
6 0.4140625 0.165625 0.0203125 0.03046875
3 0.3828125 0.14609375 0.0203125 0.0375
0 0.41875 0.09140625 0.01015625 0.04921875
1 0.40703125 0.05 0.040625 0.02421875
4 0.4765625 0.0453125 0.03359375 0.090625