5 0.45234375 0.9765625 0.0328125 0.046875
6 0.41328125 0.9953125 0.0265625 0.009375
3 0.36484375 0.97265625 0.02265625 0.03515625
2 0.3609375 0.91484375 0.0296875 0.0453125
0 0.4078125 0.90703125 0.01171875 0.05390625
1 0.3953125 0.8453125 0.04375 0.0265625
5 0.45234375 0.64609375 0.03046875 0.0546875
6 0.40859375 0.66640625 0.0234375 0.02734375
3 0.37578125 0.6359375 0.02265625 0.03671875
0 0.4125 0.5765625 0.0140625 0.05078125
1 0.4015625 0.53359375 0.04296875 0.02578125
4 0.47265625 0.55234375 0.0328125 0.090625
5 0.453125 0.315625 0.03125 0.05546875
6 0.41484375 0.34765625 0.025 0.02734375
3 0.37578125 0.3046875 0.02109375 0.03828125
0 0.4109375 0.259375 0.01015625 0.0515625
4 0.371875 0.203125 0.01953125 0.10859375
2 0.45390625 0.2390625 0.0234375 0.0484375