5 0.475 0.21484375 0.034375 0.05859375
2 0.47578125 0.13125 0.03046875 0.0578125
0 0.43125 0.15703125 0.01171875 0.05703125
6 0.43515625 0.24609375 0.02734375 0.03984375
3 0.39453125 0.2046875 0.0234375 0.0515625
4 0.3890625 0.0890625 0.02734375 0.1390625
4 0.4765625 0.496875 0.04375 0.11484375
1 0.40625 0.48125 0.04296875 0.028125
0 0.41796875 0.5265625 0.0140625 0.0546875
3 0.38125 0.5875 0.02421875 0.0390625
6 0.41484375 0.61640625 0.025 0.0328125
5 0.4625 0.59765625 0.03125 0.059375
5 0.46484375 0.96484375 0.03359375 0.06328125
3 0.37265625 0.953125 0.02421875 0.040625
1 0.40546875 0.81875 0.046875 0.02734375
0 0.41875 0.8828125 0.01171875 0.06328125
2 0.36875 0.88515625 0.04375 0.0671875
6 0.42421875 0.98515625 0.03046875 0.0296875