5 0.459375 0.7765625 0.03203125 0.05546875
4 0.46484375 0.68671875 0.02265625 0.09453125
3 0.37890625 0.771875 0.02265625 0.0390625
2 0.37734375 0.69921875 0.0234375 0.0421875
0 0.4125 0.68984375 0.01171875 0.0515625
1 0.40078125 0.63515625 0.04296875 0.03359375
5 0.453125 0.40859375 0.03046875 0.05625
6 0.415625 0.42734375 0.02578125 0.04296875
0 0.41015625 0.34296875 0.01171875 0.04921875
1 0.3984375 0.284375 0.0421875 0.02734375
2 0.36328125 0.31796875 0.0265625 0.05
3 0.36796875 0.39296875 0.02265625 0.0375
5 0.45625 0.09375 0.03046875 0.0546875
6 0.4125 0.103125 0.02109375 0.028125
3 0.38203125 0.0859375 0.0203125 0.0375
0 0.41796875 0.03359375 0.01015625 0.05