5 0.48046875 0.703125 0.03359375 0.05625
3 0.4 0.69921875 0.025 0.03984375
2 0.4 0.61875 0.02734375 0.0484375
0 0.434375 0.6171875 0.00859375 0.04765625
4 0.484375 0.60390625 0.02734375 0.1015625
1 0.42265625 0.56015625 0.0375 0.0328125
5 0.475 0.340625 0.03125 0.05859375
6 0.43671875 0.35859375 0.028125 0.0390625
3 0.39140625 0.3265625 0.021875 0.04609375
2 0.390625 0.25546875 0.03359375 0.06875
0 0.43359375 0.27890625 0.0109375 0.05390625
1 0.42109375 0.21875 0.0375 0.028125
6 0.38125 0.97109375 0.03046875 0.040625
1 0.4125 0.91484375 0.0515625 0.0265625
0 0.41875 0.971875 0.01328125 0.05546875
5 0.478125 0.040625 0.03359375 0.0640625
6 0.4359375 0.05390625 0.0234375 0.053125
3 0.40703125 0.03046875 0.021875 0.0390625
4 0.4828125 0.96640625 0.0328125 0.06640625